 -1.98708306  0.838709665
 -1.96548578  0.86379927
 -1.94491184  0.888888876
 -1.92341398  0.913978481
 -1.9023422  0.939068086
 -1.88112492  0.964755063
 -1.85982903  0.99044204
 -1.83851287  1.01612902
 -1.8177103  1.04121862
 -1.79647495  1.0669056
 -1.77491298  1.0919952
 -1.7539533  1.11768218
 -1.732764  1.14217442
 -1.71142322  1.16726402
 -1.69036015  1.19115888
 -1.66923956  1.21565112
 -1.64811572  1.23894861
 -1.62672386  1.2622461
 -1.60544556  1.28494622
 -1.58431277  1.30645159
 -1.56308311  1.32795697
 -1.54207323  1.34886497
 -1.52081069  1.36917561
 -1.49960977  1.38888887
 -1.47850904  1.40740739
 -1.45733029  1.4259259
 -1.43613095  1.44324968
 -1.41496078  1.45937871
 -1.39368039  1.47550774
 -1.37252579  1.48984466
 -1.35136128  1.50418158
 -1.33007756  1.51732375
 -1.30888826  1.52927118
 -1.28768469  1.54062124
 -1.26651578  1.55077656
 -1.24529411  1.5603345
 -1.22419729  1.56869771
 -1.20301973  1.57586617
 -1.18181925  1.58183988
 -1.16064593  1.58721622
 -1.13944141  1.59139783
 -1.11825694  1.59438468
 -1.09704464  1.59677417
 -1.07585534  1.59737154
 -1.05464935  1.59737154
 -1.03347595  1.5961768
 -1.01230179  1.59318994
 -0.991101675  1.58960571
 -0.969926109  1.58482674
 -0.948687767  1.57825565
 -0.927504695  1.57108719
 -0.906356914  1.56212662
 -0.885116778  1.55256867
 -0.863951686  1.54121862
 -0.842744455  1.52867381
 -0.821596632  1.5143369
 -0.800360862  1.49940261
 -0.77918484  1.4826762
 -0.758022939  1.46535243
 -0.736799518  1.44623654
 -0.715608307  1.42532853
 -0.694455419  1.40382316
 -0.67324358  1.38112304
 -0.652060886  1.3566308
 -0.63085586  1.3315412
 -0.609678543  1.30465948
 -0.588486391  1.27718039
 -0.567301168  1.24850655
 -0.546117044  1.21863797
 -0.524931442  1.18817203
 -0.50374449  1.15651133
 -0.48253619  1.12425327
 -0.461356471  1.09139783
 -0.440167172  1.05794503
 -0.418977873  1.02389485
 -0.397780298  0.989247297
 -0.376605011  0.954599747
 -0.355412376  0.919354825
 -0.334219899  0.884109903
 -0.313029087  0.848864981
 -0.291843391  0.81362006
