 -1.99563519  0.579104463
 -1.9744459  0.583582075
 -1.95266612  0.588059687
 -1.93192664  0.59179103
 -1.91070162  0.596268642
 -1.88910434  0.600746254
 -1.8685304  0.605223866
 -1.84703254  0.609701477
 -1.82596076  0.614179089
 -1.80474348  0.618656701
 -1.78344759  0.623134313
 -1.76213143  0.627611925
 -1.74132886  0.632089536
 -1.72009351  0.636567148
 -1.69853154  0.641791029
 -1.67757186  0.646268641
 -1.65638256  0.650746252
 -1.63504178  0.655970133
 -1.61397871  0.660447745
 -1.59285812  0.665671625
 -1.57173428  0.670895506
 -1.55034243  0.675373118
 -1.52906412  0.680596998
 -1.50793133  0.685820878
 -1.48670167  0.691044759
 -1.46569179  0.696268639
 -1.44442925  0.70149252
 -1.42322833  0.7067164
 -1.40212761  0.711940281
 -1.38094885  0.717164161
 -1.35974951  0.722388042
 -1.33857934  0.728358191
 -1.31729895  0.733582071
 -1.29614435  0.738805952
 -1.27497984  0.744776101
 -1.25369612  0.749999981
 -1.23250682  0.755223862
 -1.21130325  0.761194011
 -1.19013434  0.766417891
 -1.16891267  0.771641772
 -1.14781585  0.776865652
 -1.12663829  0.782089533
 -1.10543781  0.787313413
 -1.08426449  0.793283562
 -1.06305997  0.798507443
 -1.0418755  0.804477592
 -1.0206632  0.81119401
 -0.999473901  0.818656696
 -0.978267911  0.829850726
 -0.957094508  0.845522367
 -0.935920349  0.868656695
 -0.914720236  0.902985052
 -0.893544669  0.955223857
 -0.872306328  1.02985072
 -0.851123256  1.13134326
 -0.829975474  1.25820892
 -0.808735338  1.3992537
 -0.787570246  1.53805966
 -0.766363016  1.65447757
 -0.745215192  1.73805966
 -0.723979422  1.78656712
 -0.7028034  1.8037313
 -0.681641499  1.79776115
 -0.660418078  1.77537309
 -0.639226868  1.74328354
 -0.61807398  1.70447757
 -0.59686214  1.66268653
 -0.575679446  1.61940294
 -0.554474421  1.5753731
 -0.533297104  1.53208951
 -0.512104952  1.4895522
 -0.490919728  1.44701489
 -0.469735604  1.40671638
 -0.448550002  1.36716415
 -0.42736305  1.32910444
 -0.406154751  1.29179101
 -0.384975032  1.25597012
 -0.363785732  1.22164176
 -0.342596433  1.18880594
 -0.321398859  1.15671639
 -0.300223571  1.12611937
 -0.279030936  1.09626863
 -0.25783846  1.06791042
 -0.236647648  1.04029848
 -0.215461951  1.01343281
 -0.194272652  0.988059677
 -0.173074858  0.963432812
 -0.151891782  0.940298484
 -0.130697149  0.917164156
 -0.109516881  0.895522366
 -0.0883205934  0.874626844
