 -2.31855619  0.800248155
 -2.29816303  0.834367262
 -2.27678404  0.869520282
 -2.25460248  0.905707214
 -2.233499  0.940860233
 -2.21337365  0.977047165
 -2.19101532  1.01220019
 -2.1697519  1.0473532
 -2.14948115  1.08250622
 -2.127417  1.11765924
 -2.10641983  1.15177835
 -2.08516953  1.18589746
 -2.06491069  1.21794874
 -2.04333346  1.25103394
 -2.02172231  1.28205131
 -2.00113578  1.31203476
 -1.97956367  1.34201822
 -1.95901257  1.37096777
 -1.93764952  1.3988834
 -1.91646022  1.42473121
 -1.89468045  1.45057902
 -1.87394096  1.47539292
 -1.85271595  1.49813899
 -1.83111867  1.52088506
 -1.81054472  1.54259722
 -1.78904687  1.56224155
 -1.76797509  1.58188589
 -1.7467578  1.60049631
 -1.72546192  1.61703891
 -1.70414576  1.6335815
 -1.68334319  1.64909019
 -1.66210783  1.66253105
 -1.64054587  1.67597191
 -1.61958619  1.68837886
 -1.59839689  1.69975189
 -1.57705611  1.71009102
 -1.55599304  1.71939623
 -1.53487245  1.72870144
 -1.5137486  1.73593883
 -1.49235675  1.74317621
 -1.47107845  1.74937969
 -1.44994566  1.75454925
 -1.42871599  1.7586849
 -1.40770612  1.76178663
 -1.38644358  1.76488837
 -1.36524265  1.7669562
 -1.34414193  1.76799011
 -1.32296318  1.76799011
 -1.30176384  1.76799011
 -1.28059367  1.76592228
 -1.25931327  1.76385446
 -1.23815868  1.76178663
 -1.21699416  1.75765099
 -1.19571044  1.75351534
 -1.17452114  1.74834577
 -1.15331757  1.7421423
 -1.13214866  1.73593883
 -1.110927  1.72766753
 -1.08983017  1.72043014
 -1.06865262  1.71112493
 -1.04745213  1.70181972
 -1.02627881  1.69044668
 -1.0050743  1.68010756
 -0.983889829  1.66770061
 -0.962677526  1.65529366
 -0.941488227  1.6418528
 -0.920282237  1.62841194
 -0.899108834  1.61393717
 -0.877934675  1.59842848
 -0.856734562  1.58188589
 -0.835558995  1.56534329
 -0.814320654  1.54776678
 -0.793137582  1.53019027
 -0.7719898  1.51157985
 -0.750749664  1.49296943
 -0.729584572  1.47332509
 -0.708377342  1.45264684
 -0.687229518  1.4319686
 -0.665993748  1.41129035
 -0.644817726  1.38957819
 -0.623655825  1.36786603
 -0.602432404  1.34511996
 -0.581241194  1.32237389
 -0.560088306  1.2985939
 -0.538876466  1.27481392
 -0.517693772  1.25103394
 -0.496488747  1.22725395
 -0.475311429  1.20244006
 -0.454119278  1.17762616
 -0.432934054  1.15281226
 -0.41174993  1.12799837
 -0.390564328  1.10215056
 -0.369377376  1.07733666
 -0.348169077  1.05148885
 -0.326989357  1.02667496
 -0.305800058  1.00082715
 -0.284610759  0.976013253
 -0.263413185  0.950165444
