 -1.55368882  1.91386861
 -1.53245916  1.9649635
 -1.51144928  1.98978101
 -1.49018674  1.99562043
 -1.46898582  1.99051094
 -1.4478851  1.97737226
 -1.42670634  1.95985401
 -1.405507  1.93868612
 -1.38433683  1.91678831
 -1.36305644  1.89343065
 -1.34190184  1.86934306
 -1.32073733  1.84525547
 -1.29945361  1.8218978
 -1.27826431  1.79781021
 -1.25706074  1.77445255
 -1.23589183  1.75109488
 -1.21467016  1.72773722
 -1.19357334  1.70510948
 -1.17239578  1.68248175
 -1.1511953  1.66058394
 -1.13002198  1.63868613
 -1.10881746  1.61678832
 -1.08763299  1.59562043
 -1.06642069  1.57445255
 -1.04523139  1.55401459
 -1.0240254  1.53357664
 -1.002852  1.51313868
 -0.98167784  1.49343065
 -0.960477726  1.47372262
 -0.93930216  1.45401459
 -0.918063818  1.43503649
 -0.896880746  1.41605839
 -0.875732965  1.39708029
 -0.854492829  1.37883211
 -0.833327737  1.36058394
 -0.812120506  1.34306569
 -0.790972683  1.32481751
 -0.769736913  1.30729927
 -0.748560891  1.29051094
 -0.72739899  1.2729927
 -0.706175569  1.25620438
 -0.684984358  1.24014598
 -0.66383147  1.22335766
 -0.642619631  1.20729927
 -0.621436937  1.19124087
 -0.600231911  1.1759124
 -0.579054594  1.16058394
 -0.557862442  1.14525547
 -0.536677219  1.129927
 -0.515493095  1.11532846
 -0.494307493  1.1
 -0.473120541  1.08540146
 -0.451912241  1.07153284
 -0.430732522  1.0569343
 -0.409543223  1.04306569
 -0.388353924  1.029927
 -0.367156349  1.01605839
 -0.345981062  1.0029197
 -0.324788427  0.989051091
 -0.30359595  0.976642332
 -0.282405138  0.963503646
 -0.261219442  0.95036496
 -0.240030142  0.937956201
 -0.218832348  0.925547442
 -0.197649273  0.91386861
 -0.176454639  0.901459851
 -0.155274372  0.889781019
 -0.134078084  0.878102187
 -0.112894417  0.866423355
