 -2.54245857  1.3293509
 -2.52206542  1.3293509
 -2.50068643  1.3293509
 -2.47850487  1.3293509
 -2.45740139  1.3293509
 -2.43727604  1.3293509
 -2.41491771  1.3293509
 -2.39365429  1.3293509
 -2.37338353  1.3293509
 -2.35131939  1.3293509
 -2.33032221  1.3293509
 -2.30907191  1.3293509
 -2.28881308  1.3293509
 -2.26723584  1.3293509
 -2.24562469  1.3293509
 -2.22503816  1.3293509
 -2.20346606  1.3293509
 -2.18291496  1.3293509
 -2.16155191  1.3293509
 -2.14036261  1.3293509
 -2.11858283  1.3293509
 -2.09784335  1.3293509
 -2.07661833  1.3293509
 -2.05502105  1.3293509
 -2.03444711  1.3293509
 -2.01294925  1.3293509
 -1.99187747  1.3293509
 -1.97066019  1.3293509
 -1.9493643  1.3293509
 -1.92804814  1.3293509
 -1.90724557  1.3293509
 -1.88601022  1.3293509
 -1.86444826  1.3293509
 -1.84348857  1.3293509
 -1.82229927  1.3293509
 -1.80095849  1.3293509
 -1.77989542  1.3293509
 -1.75877484  1.3293509
 -1.73765099  1.3293509
 -1.71625914  1.3293509
 -1.69498083  1.3293509
 -1.67384804  1.3293509
 -1.65261838  1.3293509
 -1.6316085  1.3293509
 -1.61034596  1.3293509
 -1.58914504  1.3293509
 -1.56804432  1.3293509
 -1.54686556  1.3293509
 -1.52566622  1.3293509
 -1.50449605  1.3293509
 -1.48321566  1.3293509
 -1.46206106  1.3293509
 -1.44089655  1.3293509
 -1.41961283  1.3293509
 -1.39842353  1.3293509
 -1.37721996  1.3293509
 -1.35605105  1.3293509
 -1.33482939  1.3293509
 -1.31373256  1.3293509
 -1.292555  1.3293509
 -1.27135452  1.3293509
 -1.2501812  1.3293509
 -1.22897668  1.3293509
 -1.20779221  1.3293509
 -1.18657991  1.3293509
 -1.16539061  1.3293509
 -1.14418462  1.3293509
 -1.12301122  1.32895265
 -1.10183706  1.32895265
 -1.08063695  1.32895265
 -1.05946138  1.32895265
 -1.03822304  1.3285544
 -1.01703997  1.3285544
 -0.995892185  1.32815616
 -0.974652049  1.32815616
 -0.953486957  1.32775791
 -0.932279726  1.32735966
 -0.911131903  1.32696141
 -0.889896133  1.32656317
 -0.868720111  1.32616492
 -0.84755821  1.32536842
 -0.826334789  1.32457193
 -0.805143578  1.32337718
 -0.78399069  1.32218244
 -0.762778851  1.32058945
 -0.741596157  1.31899646
 -0.720391131  1.31660697
 -0.699213814  1.31421749
 -0.678021662  1.3110315
 -0.656836439  1.30744727
 -0.635652315  1.30306655
 -0.614466713  1.29788933
 -0.593279761  1.29191561
 -0.572071461  1.28474715
 -0.550891742  1.27638395
 -0.529702443  1.26682601
 -0.508513144  1.25527682
 -0.487315569  1.2425329
 -0.466140282  1.22739948
 -0.444947647  1.21067308
 -0.42375517  1.19155719
 -0.402564358  1.17045006
 -0.381378662  1.14695344
 -0.360189362  1.12146559
 -0.338991568  1.0939865
 -0.317808493  1.06451616
 -0.296613859  1.03305459
 -0.275433592  1.00079653
 -0.254237304  0.966945472
 -0.233053637  0.932696167
 -0.211859462  0.897650368
 -0.190675271  0.862604568
 -0.169484645  0.827558769
 -0.14829324  0.792911217
 -0.127107953  0.758661912
 -0.105913687  0.724810856
 -0.0847294819  0.692154543
 -0.06353845  0.660294725
 -0.0423488209  0.62962965
 -0.0211570072  0.600159319
