 -2.11925589  0.950574751
 -2.09806659  0.959387012
 -2.07628682  0.968199273
 -2.05554733  0.977011534
 -2.03432231  0.985823794
 -2.01272504  0.994636055
 -1.99215109  1.00344832
 -1.97065323  1.01264372
 -1.94958146  1.02145598
 -1.92836417  1.03065138
 -1.90706828  1.03946364
 -1.88575213  1.04865905
 -1.86494956  1.05747131
 -1.8437142  1.06628357
 -1.82215224  1.07547897
 -1.80119255  1.08429123
 -1.78000326  1.09310349
 -1.75866248  1.10191575
 -1.73759941  1.11072801
 -1.71647882  1.11954027
 -1.69535497  1.12835254
 -1.67396312  1.13678165
 -1.65268482  1.14559392
 -1.63155203  1.15402303
 -1.61032236  1.16206901
 -1.58931249  1.17049813
 -1.56804995  1.17854411
 -1.54684902  1.18659009
 -1.5257483  1.19425292
 -1.50456955  1.20191576
 -1.4833702  1.20919545
 -1.46220004  1.21685829
 -1.44091964  1.22375484
 -1.41976504  1.23065139
 -1.39860053  1.23754794
 -1.37731681  1.24406135
 -1.35612751  1.25019162
 -1.33492394  1.25632189
 -1.31375503  1.26206902
 -1.29253337  1.26781614
 -1.27143654  1.27318013
 -1.25025899  1.27816097
 -1.2290585  1.28275867
 -1.20788518  1.28735637
 -1.18668067  1.29157093
 -1.1654962  1.29540235
 -1.14428389  1.29885063
 -1.1230946  1.3022989
 -1.10188861  1.3049809
 -1.0807152  1.30766289
 -1.05954104  1.30996174
 -1.03834093  1.31187745
 -1.01716536  1.31341001
 -0.995927022  1.31455944
 -0.974743951  1.31532572
 -0.953596169  1.31570887
 -0.932356033  1.31570887
 -0.911190941  1.31570887
 -0.88998371  1.31494258
 -0.868835887  1.31379316
 -0.847600117  1.31264373
 -0.826424095  1.31072802
 -0.805262194  1.30842917
 -0.784038773  1.30613032
 -0.762847562  1.30306519
 -0.741694674  1.29961691
 -0.720482835  1.29578549
 -0.699300141  1.29157093
 -0.678095115  1.28697323
 -0.656917798  1.28199239
 -0.635725646  1.27624526
 -0.614540423  1.27011499
 -0.593356299  1.26360158
 -0.572170697  1.25670503
 -0.550983745  1.2490422
 -0.529775445  1.24061308
 -0.508595726  1.23180082
 -0.487406427  1.22222227
 -0.466217128  1.2114943
 -0.445019553  1.20038319
 -0.423844266  1.18812265
 -0.402651631  1.17509583
 -0.381459154  1.16091959
 -0.360268342  1.14521077
 -0.339082646  1.12835254
 -0.317893347  1.10996173
 -0.296695552  1.09003836
 -0.275512477  1.06819928
 -0.254317843  1.04482763
 -0.233137576  1.01877399
 -0.211941288  0.990804638
 -0.190757621  0.960153295
 -0.169563446  0.927203102
 -0.148379255  0.891570917
 -0.127188629  0.852873597
 -0.105997224  0.811877427
 -0.0848119367  0.768199265
 -0.0636176707  0.722222251
 -0.0424334659  0.673946387
 -0.0212424341  0.624137956
 -5.28049708E-05  0.5731801
  0.0211390088  0.521839101
  0.0423277091  0.470498103
  0.0635181486  0.419923389
