 -2.09131516  0.633333318
 -2.07012586  0.636923061
 -2.04834609  0.640512805
 -2.0276066  0.644615369
 -2.00638158  0.649230753
 -1.98478431  0.653846138
 -1.96421036  0.659487163
 -1.9427125  0.665128189
 -1.92164073  0.671282035
 -1.90042344  0.678461522
 -1.87912756  0.685641009
 -1.8578114  0.693333316
 -1.83700883  0.701538444
 -1.81577347  0.710256393
 -1.79421151  0.719487162
 -1.77325182  0.729230751
 -1.75206253  0.739999982
 -1.73072175  0.750769212
 -1.70965868  0.762051263
 -1.68853809  0.773846135
 -1.66741424  0.786153827
 -1.64602239  0.798974339
 -1.62474409  0.811794852
 -1.6036113  0.825128185
 -1.58238163  0.838974338
 -1.56137176  0.852820492
 -1.54010922  0.866666645
 -1.51890829  0.881025619
 -1.49780757  0.895384593
 -1.47662882  0.909230747
 -1.45542947  0.923589721
 -1.43425931  0.937435875
 -1.41297891  0.951282028
 -1.39182431  0.964615361
 -1.3706598  0.977435874
 -1.34937608  0.990256386
 -1.32818678  1.00205126
 -1.30698321  1.01384613
 -1.2858143  1.02512818
 -1.26459264  1.03538459
 -1.24349581  1.04512818
 -1.22231826  1.05435895
 -1.20111777  1.0630769
 -1.17994445  1.0707692
 -1.15873994  1.07794869
 -1.13755547  1.08461536
 -1.11634317  1.09025638
 -1.09515387  1.09538459
 -1.07394788  1.09999997
 -1.05277447  1.10358972
 -1.03160031  1.10717946
 -1.0104002  1.10974356
 -0.989224634  1.11128202
 -0.967986293  1.11282049
 -0.946803221  1.11384613
 -0.925655439  1.11384613
 -0.904415303  1.11384613
 -0.883250212  1.11282049
 -0.862042981  1.11179484
 -0.840895157  1.11025638
 -0.819659387  1.1082051
 -0.798483365  1.105641
 -0.777321464  1.10256408
 -0.756098043  1.09948715
 -0.734906833  1.09538459
 -0.713753945  1.09179485
 -0.692542105  1.08717946
 -0.671359411  1.08256408
 -0.650154386  1.07743587
 -0.628977069  1.07230767
 -0.607784917  1.06666664
 -0.586599693  1.06051279
 -0.565415569  1.05487177
 -0.544229967  1.0482051
 -0.523043015  1.04153844
 -0.501834716  1.03487177
 -0.480654997  1.02769228
 -0.459465698  1.01999998
 -0.438276398  1.01282049
 -0.417078824  1.00461536
 -0.395903536  0.996923053
 -0.374710901  0.988717925
 -0.353518425  0.979999976
 -0.332327613  0.971282028
 -0.311141916  0.962564079
 -0.289952617  0.95333331
 -0.268754823  0.944615362
 -0.247571747  0.934871772
 -0.226377114  0.925641003
 -0.205196847  0.915897414
 -0.184000558  0.905641003
 -0.162816892  0.895897414
 -0.141622716  0.885641004
 -0.120438526  0.874871773
 -0.0992478997  0.864615363
 -0.0780564944  0.853846133
 -0.0568712071  0.843076902
 -0.0356769411  0.831794851
 -0.0144927364  0.821025621
  0.00669829549  0.80974357
