 -1.81135401  0.712558539
 -1.79039433  0.72799302
 -1.76920503  0.743427501
 -1.74786425  0.759376464
 -1.72680118  0.775325428
 -1.70568059  0.791788874
 -1.68455674  0.808252321
 -1.66316489  0.82523025
 -1.64188659  0.841693696
 -1.6207538  0.858671625
 -1.59952413  0.875649554
 -1.57851426  0.892113001
 -1.55725172  0.90909093
 -1.53605079  0.925554376
 -1.51495007  0.942017822
 -1.49377132  0.957966786
 -1.47257198  0.97391575
 -1.45140181  0.989350231
 -1.43012141  1.00478471
 -1.40896682  1.01919023
 -1.3878023  1.03359574
 -1.36651858  1.04748678
 -1.34532928  1.06137781
 -1.32412571  1.07423988
 -1.3029568  1.08658746
 -1.28173514  1.09893505
 -1.26063831  1.11025367
 -1.23946076  1.12157228
 -1.21826027  1.13237642
 -1.19708695  1.14215159
 -1.17588244  1.15192676
 -1.15469797  1.16118745
 -1.13348567  1.16941918
 -1.11229637  1.1776509
 -1.09109038  1.18536814
 -1.06991697  1.1925709
 -1.04874281  1.19977365
 -1.0275427  1.20594745
 -1.00636713  1.21212124
 -0.985128793  1.21778055
 -0.963945722  1.22292538
 -0.94279794  1.22755572
 -0.921557804  1.23218606
 -0.900392712  1.23630193
 -0.879185481  1.23990331
 -0.858037658  1.24350468
 -0.836801888  1.2460771
 -0.815625866  1.24916399
 -0.794463965  1.25122192
 -0.773240544  1.25327986
 -0.752049333  1.2548233
 -0.730896445  1.25585227
 -0.709684606  1.25688123
 -0.688501912  1.25688123
 -0.667296886  1.25688123
 -0.646119569  1.25636675
 -0.624927417  1.25533779
 -0.603742194  1.25327986
 -0.58255807  1.25070744
 -0.561372468  1.24762055
 -0.540185516  1.24350468
 -0.518977216  1.23835986
 -0.497797497  1.23218606
 -0.476608198  1.22498331
 -0.455418899  1.21675158
 -0.434221324  1.20646193
 -0.413046037  1.19462883
 -0.391853402  1.18125228
 -0.370660925  1.1658178
 -0.349470113  1.14832538
 -0.328284417  1.12826056
 -0.307095118  1.1061378
 -0.285897323  1.08092815
 -0.264714248  1.0526316
 -0.243519614  1.02227712
