 -2.45330885  0.5109012
 -2.43291569  0.516841912
 -2.4115367  0.522782624
 -2.38935514  0.528723335
 -2.36825166  0.535258118
 -2.34812631  0.54119883
 -2.32576798  0.547733613
 -2.30450456  0.554268395
 -2.28423381  0.560803178
 -2.26216966  0.567337961
 -2.24117249  0.574466815
 -2.21992219  0.581001598
 -2.19966335  0.588130452
 -2.17808612  0.595259306
 -2.15647497  0.60238816
 -2.13588844  0.609517014
 -2.11431633  0.617239939
 -2.09376523  0.624368793
 -2.07240218  0.632091718
 -2.05121288  0.639814643
 -2.02943311  0.647537568
 -2.00869362  0.655260493
 -1.98746861  0.663577489
 -1.96587133  0.671300414
 -1.94529738  0.679617411
 -1.92379953  0.687934407
 -1.90272775  0.696251403
 -1.88151046  0.705162471
 -1.86021458  0.713479467
 -1.83889842  0.722390535
 -1.81809585  0.731301602
 -1.79686049  0.740212669
 -1.77529853  0.749123737
 -1.75433885  0.758034804
 -1.73314955  0.767539943
 -1.71180877  0.777045082
 -1.6907457  0.78655022
 -1.66962511  0.796055359
 -1.64850126  0.805560497
 -1.62710941  0.815659707
 -1.60583111  0.825758917
 -1.58469832  0.835858127
 -1.56346865  0.845957336
 -1.54245878  0.856056546
 -1.52119624  0.866155756
 -1.49999531  0.876849037
 -1.47889459  0.887542318
 -1.45771584  0.897641528
 -1.4365165  0.90892888
 -1.41534633  0.919622161
 -1.39406593  0.930315442
 -1.37291134  0.941602794
 -1.35174682  0.952890146
 -1.3304631  0.964177498
 -1.3092738  0.97546485
 -1.28807023  0.986752202
 -1.26690132  0.998039554
 -1.24567966  1.00992098
 -1.22458283  1.0218024
 -1.20340528  1.03308975
 -1.18220479  1.04497118
 -1.16103147  1.0568526
 -1.13982696  1.06873402
 -1.11864249  1.08061545
 -1.09743019  1.09249687
 -1.07624089  1.10497236
 -1.0550349  1.11685379
 -1.03386149  1.12814114
 -1.01268734  1.14002256
 -0.991487222  1.15130991
 -0.970311655  1.16259727
 -0.949073314  1.17388462
 -0.927890242  1.18398383
 -0.906742461  1.19408304
 -0.885502324  1.20299411
 -0.864337233  1.2113111
 -0.843130002  1.21843996
 -0.821982179  1.22438067
 -0.800746409  1.22853917
 -0.779570386  1.23091545
 -0.758408485  1.23210359
 -0.737185064  1.23091545
 -0.715993854  1.22735102
 -0.694840966  1.22200438
 -0.673629126  1.21487553
 -0.652446432  1.20596446
 -0.631241407  1.19527118
 -0.61006409  1.18338976
 -0.588871938  1.16972612
 -0.567686714  1.15546841
 -0.546502591  1.1412107
 -0.525316988  1.12576485
 -0.504130036  1.110319
 -0.482921737  1.09427908
 -0.461742018  1.07823916
 -0.440552719  1.06279331
 -0.41936342  1.04734746
 -0.398165845  1.03190161
 -0.376990558  1.01645576
 -0.355797922  1.00160398
 -0.334605446  0.986752202
 -0.313414634  0.972494494
 -0.292228937  0.958830858
 -0.271039638  0.945167221
 -0.249841844  0.932097655
