 -2.52078576  0.587341801
 -2.5003926  0.58691986
 -2.47901361  0.586497919
 -2.45683205  0.586075978
 -2.43572857  0.585654037
 -2.41560322  0.585232096
 -2.39324489  0.584810155
 -2.37198147  0.584388214
 -2.35171072  0.583966273
 -2.32964657  0.583544332
 -2.30864939  0.583122391
 -2.28739909  0.58270045
 -2.26714026  0.582278509
 -2.24556302  0.581856568
 -2.22395187  0.581856568
 -2.20336534  0.581434627
 -2.18179324  0.581012686
 -2.16124214  0.580590745
 -2.13987909  0.580168804
 -2.11868979  0.579746863
 -2.09691001  0.579324922
 -2.07617053  0.578902982
 -2.05494551  0.578481041
 -2.03334823  0.5780591
 -2.01277429  0.577637159
 -1.99127643  0.577215218
 -1.97020465  0.576793277
 -1.94898737  0.576371336
 -1.92769148  0.576371336
 -1.90637533  0.575949395
 -1.88557275  0.575527454
 -1.8643374  0.575105513
 -1.84277544  0.574683572
 -1.82181575  0.574261631
 -1.80062645  0.574261631
 -1.77928567  0.574261631
 -1.7582226  0.575105513
 -1.73710202  0.5780591
 -1.71597817  0.586075978
 -1.69458632  0.605907202
 -1.67330801  0.652742648
 -1.65217522  0.746413538
 -1.63094556  0.890717343
 -1.60993568  1.0417722
 -1.58867314  1.14767938
 -1.56747222  1.2025317
 -1.5463715  1.2261604
 -1.52519274  1.2354431
 -1.5039934  1.23881863
 -1.48282323  1.23924057
 -1.46154284  1.23924057
 -1.44038824  1.23839668
 -1.41922373  1.2375528
 -1.39794001  1.23670892
 -1.37675071  1.23586504
 -1.35554714  1.23502116
 -1.33437823  1.23375533
 -1.31315657  1.23291145
 -1.29205974  1.23206757
 -1.27088218  1.23080175
 -1.2496817  1.22995787
 -1.22850838  1.22869204
 -1.20730386  1.22784816
 -1.18611939  1.22658234
 -1.16490709  1.22573846
 -1.14371779  1.22447263
 -1.1225118  1.22320681
 -1.1013384  1.22194099
 -1.08016424  1.22025322
 -1.05896413  1.2189874
 -1.03778856  1.21729964
 -1.01655022  1.21603381
 -0.995367148  1.21392411
 -0.974219366  1.21223635
 -0.95297923  1.21012664
 -0.931814138  1.20801694
 -0.910606908  1.20590723
 -0.889459084  1.20337559
 -0.868223314  1.20084394
 -0.847047292  1.19789035
 -0.825885391  1.19451483
 -0.80466197  1.1911393
 -0.783470759  1.18734183
 -0.762317871  1.18312242
 -0.741106032  1.17890301
 -0.719923338  1.17383972
 -0.698718312  1.16877643
 -0.677540995  1.1632912
 -0.656348843  1.15696208
 -0.63516362  1.15063297
 -0.613979496  1.14345997
 -0.592793894  1.13586503
 -0.571606942  1.12784816
 -0.550398642  1.1189874
 -0.529218923  1.11012664
 -0.508029624  1.10042199
 -0.486840325  1.09071735
 -0.465642751  1.08016883
 -0.444467463  1.06919836
 -0.423274828  1.05780596
 -0.402082352  1.04641355
 -0.38089154  1.03417727
 -0.359705843  1.02194098
 -0.338516544  1.00970469
 -0.317318749  0.997046462
 -0.296135674  0.983966292
 -0.27494104  0.970886123
 -0.253760773  0.957805953
 -0.232564485  0.944725784
 -0.211380818  0.931645615
 -0.190186643  0.918565445
 -0.169002452  0.905063335
 -0.147811826  0.891983165
