 -2.45857774  0.589944786
 -2.43818458  0.590526012
 -2.41680559  0.591107239
 -2.39462403  0.592269692
 -2.37352055  0.594013371
 -2.3533952  0.596338276
 -2.33103687  0.599244408
 -2.30977345  0.602731767
 -2.2895027  0.607381578
 -2.26743855  0.613193842
 -2.24644137  0.621331011
 -2.22519108  0.63121186
 -2.20493224  0.64399884
 -2.18335501  0.660273179
 -2.16174386  0.680034877
 -2.14115733  0.703865159
 -2.11958522  0.732926478
 -2.09903412  0.766637609
 -2.07767107  0.805579777
 -2.05648177  0.84859053
 -2.034702  0.894507415
 -2.01396251  0.941586752
 -1.99273749  0.98866609
 -1.97114021  1.03458297
 -1.95056627  1.07643127
 -1.92906841  1.11421099
 -1.90799663  1.14734089
 -1.88677935  1.17523976
 -1.86548346  1.19848882
 -1.84416731  1.21766929
 -1.82336474  1.23278117
 -1.80212938  1.24498693
 -1.78056742  1.25486778
 -1.75960773  1.26184249
 -1.73841843  1.26765476
 -1.71707766  1.27230457
 -1.69601459  1.27579193
 -1.674894  1.27811683
 -1.65377015  1.28044174
 -1.6323783  1.28160419
 -1.6111  1.28276664
 -1.58996721  1.28334787
 -1.56873754  1.2839291
 -1.54772767  1.28451032
 -1.52646513  1.28509155
 -1.5052642  1.28509155
 -1.48416348  1.28509155
 -1.46298473  1.28509155
 -1.44178538  1.28509155
 -1.42061522  1.28509155
 -1.39933482  1.28509155
 -1.37818022  1.28509155
 -1.35701571  1.28509155
 -1.33573199  1.28509155
 -1.31454269  1.28509155
 -1.29333912  1.28451032
 -1.27217021  1.28451032
 -1.25094855  1.28451032
 -1.22985172  1.28451032
 -1.20867417  1.28451032
 -1.18747368  1.28451032
 -1.16630036  1.2839291
 -1.14509585  1.2839291
 -1.12391138  1.2839291
 -1.10269907  1.2839291
 -1.08150978  1.2839291
 -1.06030379  1.28334787
 -1.03913038  1.28334787
 -1.01795622  1.28334787
 -0.99675611  1.28334787
 -0.975580543  1.28276664
 -0.954342202  1.28276664
 -0.93315913  1.28276664
 -0.912011349  1.28276664
 -0.890771212  1.28276664
 -0.869606121  1.28218542
 -0.84839889  1.28218542
 -0.827251066  1.28218542
 -0.806015296  1.28160419
 -0.784839274  1.28160419
 -0.763677373  1.28160419
 -0.742453952  1.28102296
 -0.721262742  1.28102296
 -0.700109854  1.28044174
 -0.678898014  1.28044174
 -0.65771532  1.27986051
 -0.636510295  1.27927928
 -0.615332978  1.27869806
 -0.594140826  1.27811683
 -0.572955602  1.27695438
 -0.551771479  1.27637315
 -0.530585876  1.27462947
 -0.509398924  1.27288579
 -0.488190625  1.27056089
 -0.467010906  1.26823598
 -0.445821607  1.26474863
 -0.424632308  1.26068004
 -0.403434733  1.25486778
 -0.382259445  1.24847429
 -0.36106681  1.24033712
 -0.339874334  1.22987504
 -0.318683522  1.21708806
 -0.297497825  1.20197618
 -0.276308526  1.1827957
 -0.255110732  1.1607091
 -0.233927656  1.13397269
 -0.212733023  1.10316769
 -0.191552756  1.06771288
