 -1.95951762  1.28560652
 -1.93832832  1.28654974
 -1.91654855  1.28654974
 -1.89580906  1.28749296
 -1.87458405  1.28749296
 -1.85298677  1.28749296
 -1.83241282  1.28749296
 -1.81091497  1.28843617
 -1.78984319  1.28843617
 -1.7686259  1.28843617
 -1.74733002  1.28843617
 -1.72601386  1.28843617
 -1.70521129  1.28937939
 -1.68397593  1.28937939
 -1.66241397  1.28937939
 -1.64145429  1.28937939
 -1.62026499  1.28937939
 -1.59892421  1.29032261
 -1.57786114  1.29032261
 -1.55674055  1.29032261
 -1.5356167  1.29032261
 -1.51422485  1.29032261
 -1.49294655  1.29032261
 -1.47181376  1.29126583
 -1.45058409  1.29126583
 -1.42957422  1.29126583
 -1.40831168  1.29126583
 -1.38711075  1.29126583
 -1.36601003  1.29126583
 -1.34483128  1.29220905
 -1.32363194  1.29220905
 -1.30246177  1.29220905
 -1.28118137  1.29220905
 -1.26002678  1.29220905
 -1.23886226  1.29315226
 -1.21757854  1.29315226
 -1.19638924  1.29315226
 -1.17518567  1.29315226
 -1.15401676  1.29315226
 -1.1327951  1.29315226
 -1.11169827  1.29409548
 -1.09052072  1.29409548
 -1.06932023  1.29409548
 -1.04814691  1.29409548
 -1.0269424  1.29409548
 -1.00575793  1.29409548
 -0.984545626  1.29409548
 -0.963356327  1.2950387
 -0.942150337  1.2950387
 -0.920976934  1.2950387
 -0.899802775  1.2950387
 -0.878602662  1.2950387
 -0.857427095  1.2950387
 -0.836188754  1.2950387
 -0.815005682  1.29409548
 -0.7938579  1.29409548
 -0.772617764  1.29409548
 -0.751452672  1.29315226
 -0.730245442  1.29220905
 -0.709097618  1.29126583
 -0.687861848  1.29032261
 -0.666685826  1.28843617
 -0.645523925  1.28654974
 -0.624300504  1.28372008
 -0.603109293  1.27994721
 -0.581956406  1.27523112
 -0.560744566  1.26957181
 -0.539561872  1.26202606
 -0.518356846  1.2535371
 -0.497179529  1.24221848
 -0.475987377  1.2280702
 -0.454802154  1.21109227
 -0.43361803  1.19034147
 -0.412432428  1.16676101
 -0.391245476  1.13846447
 -0.370037177  1.10639504
 -0.348857457  1.07055275
 -0.327668158  1.02999436
 -0.306478859  0.986606323
 -0.285281285  0.941331846
 -0.264105997  0.893227713
 -0.242913362  0.845123581
 -0.221720886  0.79607623
 -0.200530074  0.747972098
 -0.179344377  0.701754402
 -0.158155078  0.656479924
 -0.136957284  0.613091883
