 -1.52626199  0.775812239
 -1.50506107  0.800092503
 -1.48396034  0.823794665
 -1.46278159  0.846918726
 -1.44158225  0.868886584
 -1.42041208  0.89027634
 -1.39913169  0.911087994
 -1.37797709  0.930743446
 -1.35681258  0.949242695
 -1.33552886  0.96658574
 -1.31433956  0.983350684
 -1.29313599  0.999537527
 -1.27196708  1.01399006
 -1.25074541  1.0278645
 -1.22964859  1.04116084
 -1.20847103  1.05330097
 -1.18727055  1.0642849
 -1.16609723  1.07469072
 -1.14489271  1.08451845
 -1.12370824  1.09376807
 -1.10249594  1.1018615
 -1.08130664  1.10937682
 -1.06010065  1.11631403
 -1.03892725  1.12267315
 -1.01775309  1.12903227
 -0.996552975  1.13423518
 -0.975377408  1.13943809
 -0.954139067  1.14406291
 -0.932955995  1.14810962
 -0.911808213  1.15157823
 -0.890568077  1.15504684
 -0.869402985  1.15851544
 -0.848195755  1.16140595
 -0.827047931  1.16371836
 -0.805812161  1.16660887
 -0.784636139  1.16834317
 -0.763474238  1.17065558
 -0.742250817  1.17238988
 -0.721059607  1.17412419
 -0.699906719  1.17528039
 -0.678694879  1.17643659
 -0.657512185  1.17759279
 -0.63630716  1.178749
 -0.615129843  1.1799052
 -0.593937691  1.1804833
 -0.572752467  1.1810614
 -0.551568343  1.18163951
 -0.530382741  1.18221761
 -0.509195789  1.18221761
 -0.48798749  1.18163951
 -0.466807771  1.1799052
 -0.445618471  1.17643659
 -0.424429172  1.16949937
 -0.403231598  1.15793734
 -0.38205631  1.1400162
 -0.360863675  1.11457973
 -0.339671199  1.08278415
 -0.318480387  1.04809805
 -0.29729469  1.01109956
 -0.276105391  0.974679162
 -0.254907597  0.938836867
 -0.233724521  0.905306979
 -0.212529888  0.872933294
 -0.19134962  0.842872015
