 -2.15634045  0.753702555
 -2.1342763  0.800365163
 -2.11327912  0.844998962
 -2.09202882  0.887603951
 -2.07176999  0.927165728
 -2.05019275  0.96368429
 -2.02858161  0.997159639
 -2.00799507  1.02759177
 -1.98642297  1.0549807
 -1.96587187  1.078312
 -1.94450882  1.0996145
 -1.92331952  1.11787378
 -1.90153974  1.13308984
 -1.88080026  1.1462771
 -1.85957524  1.15743555
 -1.83797796  1.1675796
 -1.81740402  1.17569483
 -1.79590616  1.18178126
 -1.77483438  1.18685328
 -1.7536171  1.19192531
 -1.73232121  1.19496852
 -1.71100506  1.19801173
 -1.69020248  1.20004054
 -1.66896713  1.20206935
 -1.64740517  1.20308376
 -1.62644548  1.20308376
 -1.60525618  1.20409816
 -1.5839154  1.20409816
 -1.56285233  1.20308376
 -1.54173175  1.20308376
 -1.5206079  1.20206935
 -1.49921605  1.20105495
 -1.47793774  1.20004054
 -1.45680495  1.19902614
 -1.43557529  1.19801173
 -1.41456542  1.19699733
 -1.39330287  1.19598292
 -1.37210195  1.19395412
 -1.35100123  1.19293971
 -1.32982247  1.1909109
 -1.30862313  1.18888209
 -1.28745296  1.18786769
 -1.26617257  1.18583888
 -1.24501797  1.18381007
 -1.22385346  1.18178126
 -1.20256974  1.17975245
 -1.18138044  1.17772364
 -1.16017687  1.17569483
 -1.13900796  1.17366602
 -1.1177863  1.17163722
 -1.09668947  1.16960841
 -1.07551191  1.1675796
 -1.05431143  1.16555079
 -1.03313811  1.16250758
 -1.01193359  1.16047877
 -0.990749125  1.15844996
 -0.969536823  1.15540674
 -0.948347524  1.15337793
 -0.927141534  1.15033472
 -0.905968131  1.14830591
 -0.884793972  1.1462771
 -0.863593858  1.14323389
 -0.842418292  1.14019068
 -0.82117995  1.13816187
 -0.799996878  1.13511865
 -0.778849097  1.13207544
 -0.757608961  1.13004663
 -0.736443869  1.12700342
 -0.715236638  1.1239602
 -0.694088815  1.12091699
 -0.672853045  1.11787378
 -0.651677023  1.11483056
 -0.630515122  1.11280175
 -0.609291701  1.10975854
 -0.58810049  1.10570092
 -0.566947602  1.10265771
 -0.545735763  1.0996145
 -0.524553069  1.09657128
 -0.503348043  1.09352807
 -0.482170726  1.09048485
 -0.460978574  1.08642724
 -0.439793351  1.08338402
 -0.418609227  1.08034081
 -0.397423625  1.07628319
 -0.376236673  1.07323998
 -0.355028373  1.07019676
 -0.333848654  1.06613915
 -0.312659355  1.06309593
 -0.291470056  1.05903831
 -0.270272481  1.0549807
 -0.249097194  1.05193748
 -0.227904559  1.04787986
 -0.206712082  1.04382225
 -0.18552127  1.04077903
