 -2.05255574  1.01886798
 -2.03196921  1.02075477
 -2.0103971  1.02264156
 -1.989846  1.02547175
 -1.96848295  1.02735855
 -1.94729365  1.03113213
 -1.92551388  1.03396232
 -1.90477439  1.03773591
 -1.88354937  1.04245289
 -1.86195209  1.04622647
 -1.84137815  1.05188685
 -1.81988029  1.05754723
 -1.79880851  1.064151
 -1.77759123  1.07075477
 -1.75629534  1.07830195
 -1.73497919  1.08679251
 -1.71417662  1.09622647
 -1.69294126  1.10566044
 -1.6713793  1.11698119
 -1.65041961  1.12830195
 -1.62923031  1.1405661
 -1.60788953  1.15283025
 -1.58682647  1.1660378
 -1.56570588  1.18018874
 -1.54458203  1.19433969
 -1.52319018  1.20943403
 -1.50191188  1.22358497
 -1.48077909  1.23867931
 -1.45954942  1.25283026
 -1.43853955  1.2679246
 -1.417277  1.28113214
 -1.39607608  1.29528309
 -1.37497536  1.30754724
 -1.35379661  1.31981139
 -1.33259726  1.33018875
 -1.3114271  1.34056611
 -1.2901467  1.35000007
 -1.2689921  1.35849064
 -1.24782759  1.36603781
 -1.22654387  1.37264158
 -1.20535457  1.37830196
 -1.184151  1.38396234
 -1.16298209  1.38773592
 -1.14176043  1.39056611
 -1.1206636  1.3933963
 -1.09948605  1.39528309
 -1.07828556  1.39622649
 -1.05711224  1.39622649
 -1.03590773  1.39528309
 -1.01472326  1.3943397
 -0.993510954  1.3933963
 -0.972321655  1.39056611
 -0.951115665  1.38867932
 -0.929942262  1.38490574
 -0.908768103  1.38113215
 -0.88756799  1.37641517
 -0.866392423  1.37169819
 -0.845154082  1.36603781
 -0.82397101  1.36037743
 -0.802823228  1.35377366
 -0.781583092  1.34622649
 -0.760418  1.33867932
 -0.73921077  1.33018875
 -0.718062946  1.32169818
 -0.696827176  1.31226422
 -0.675651154  1.30188686
 -0.654489253  1.29056611
 -0.633265832  1.27924535
 -0.612074622  1.2669812
 -0.590921734  1.25471705
 -0.569709894  1.2405661
 -0.5485272  1.22641516
 -0.527322175  1.21132082
 -0.506144857  1.19622648
 -0.484952706  1.17924535
 -0.463767482  1.16226421
 -0.442583358  1.14433968
 -0.421397756  1.12547176
 -0.400210804  1.10566044
 -0.379002505  1.08584912
 -0.357822785  1.0650944
 -0.336633486  1.04339628
 -0.315444187  1.02169817
 -0.294246613  0.998113261
 -0.273071325  0.975471751
 -0.25187869  0.950943448
 -0.230686214  0.927358541
 -0.209495402  0.902830237
 -0.188309705  0.877358538
 -0.167120406  0.851886838
 -0.145922612  0.826415139
 -0.124739536  0.800943439
 -0.103544903  0.77547174
