 -1.4511689  1.08064514
 -1.42977705  1.07123653
 -1.40849874  1.06182793
 -1.38736595  1.05376342
 -1.36613629  1.04435481
 -1.34512641  1.0362903
 -1.32386387  1.0268817
 -1.30266295  1.01881718
 -1.28156223  1.01075266
 -1.26038347  1.00268815
 -1.23918413  0.995967718
 -1.21801396  0.987903202
 -1.19673357  0.982526858
 -1.17557897  0.977150514
 -1.15441446  0.974462342
 -1.13313074  0.973118256
 -1.11194144  0.977150514
 -1.09073787  0.986559116
 -1.06956896  1.00403223
 -1.0483473  1.02822578
 -1.02725047  1.06048385
 -1.00607291  1.09543008
 -0.98487243  1.12903223
 -0.963699109  1.15725804
 -0.942494593  1.17876341
 -0.921310125  1.19086019
 -0.900097822  1.19623653
 -0.878908523  1.19623653
 -0.857702533  1.19354836
 -0.83652913  1.18682793
 -0.815354971  1.1801075
 -0.794154857  1.17204298
 -0.772979291  1.16263438
 -0.751740949  1.15456987
 -0.730557878  1.14516126
 -0.709410096  1.13575266
 -0.68816996  1.12634406
 -0.667004868  1.11693546
 -0.645797637  1.10887094
 -0.624649814  1.09946234
 -0.603414044  1.09005374
 -0.582238022  1.08064514
 -0.561076121  1.07258062
 -0.5398527  1.06317202
 -0.518661489  1.0551075
 -0.497508601  1.0456989
 -0.476296762  1.03763438
 -0.455114068  1.02956987
 -0.433909042  1.02016127
 -0.412731725  1.01209675
 -0.391539573  1.00403223
 -0.37035435  0.995967718
 -0.349170226  0.987903202
 -0.327984624  0.979838686
 -0.306797672  0.971774171
 -0.285589372  0.963709655
 -0.264409653  0.955645139
 -0.243220354  0.947580623
 -0.222031055  0.940860193
 -0.200833481  0.932795677
 -0.179658193  0.924731161
