 -2.02938378  1.08014187
 -2.00819448  1.21773053
 -1.9864147  1.35673762
 -1.96567522  1.48156032
 -1.9444502  1.58368798
 -1.92285292  1.66028373
 -1.90227898  1.71489366
 -1.88078112  1.75177309
 -1.85970934  1.77730501
 -1.83849206  1.79361706
 -1.81719617  1.80496458
 -1.79588002  1.812766
 -1.77507745  1.81843976
 -1.75384209  1.82269508
 -1.73228013  1.82553196
 -1.71132044  1.82765962
 -1.69013114  1.82907806
 -1.66879036  1.8304965
 -1.6477273  1.83120572
 -1.62660671  1.83120572
 -1.60548286  1.83120572
 -1.58409101  1.83120572
 -1.56281271  1.8304965
 -1.54167991  1.82907806
 -1.52045025  1.82765962
 -1.49944038  1.82624118
 -1.47817783  1.82411352
 -1.45697691  1.82127664
 -1.43587619  1.81843976
 -1.41469744  1.81560288
 -1.39349809  1.81134756
 -1.37232792  1.80780146
 -1.35104753  1.80283692
 -1.32989293  1.79787238
 -1.30872842  1.79219862
 -1.2874447  1.78652486
 -1.2662554  1.78014189
 -1.24505183  1.77304969
 -1.22388292  1.76595749
 -1.20266126  1.75815607
 -1.18156443  1.74964543
 -1.16038688  1.74113479
 -1.13918639  1.73191493
 -1.11801307  1.72198586
 -1.09680855  1.71134756
 -1.07562409  1.70070926
 -1.05441178  1.68936174
 -1.03322248  1.67801422
 -1.01201649  1.66524827
 -0.990843091  1.65248231
 -0.969668932  1.63971635
 -0.948468819  1.62553195
 -0.927293252  1.61134756
 -0.906054911  1.59716316
 -0.884871839  1.58156032
 -0.863724057  1.5666667
 -0.842483921  1.55035465
 -0.82131883  1.53404259
 -0.800111599  1.51702131
 -0.778963775  1.50000004
 -0.757728005  1.48297876
 -0.736551983  1.46453904
 -0.715390082  1.44680854
 -0.694166661  1.42836883
 -0.672975451  1.40921989
 -0.651822563  1.39007095
 -0.630610723  1.37092202
 -0.609428029  1.35177308
 -0.588223004  1.33191493
 -0.567045687  1.31205677
 -0.545853535  1.29148939
 -0.524668311  1.27163124
 -0.503484187  1.25106386
 -0.482298585  1.23049648
 -0.461111633  1.21063833
 -0.439903334  1.19007095
 -0.418723615  1.16950357
 -0.397534316  1.1489362
 -0.376345016  1.12836882
 -0.355147442  1.10780144
 -0.333972154  1.08794329
 -0.312779519  1.06737591
 -0.291587043  1.04751776
 -0.270396231  1.02695038
 -0.249210534  1.00709222
 -0.228021235  0.987943286
 -0.206823441  0.968085129
 -0.185640365  0.948936193
 -0.164445732  0.929787256
 -0.143265465  0.910638319
 -0.122069176  0.892198603
 -0.10088551  0.873758886
