 -1.53608019  0.879256299
 -1.5149596  0.88037637
 -1.49383575  0.882616514
 -1.4724439  0.884856657
 -1.4511656  0.888216872
 -1.43003281  0.891577087
 -1.40880315  0.898297518
 -1.38779327  0.907258091
 -1.36653073  0.91957888
 -1.34532981  0.936379956
 -1.32422908  0.957661319
 -1.30305033  0.983422968
 -1.28185099  1.0136649
 -1.26068082  1.04502691
 -1.23940043  1.07414878
 -1.21824583  1.1010305
 -1.19708132  1.12231186
 -1.1757976  1.13799287
 -1.1546083  1.15031365
 -1.13340473  1.15927423
 -1.11223581  1.16487459
 -1.09101415  1.16935487
 -1.06991733  1.17271509
 -1.04873977  1.17495523
 -1.02753929  1.17719538
 -1.00636597  1.17831545
 -0.98516145  1.17943552
 -0.963976981  1.18055559
 -0.942764679  1.18167566
 -0.92157538  1.18279573
 -0.90036939  1.18391581
 -0.879195987  1.18391581
 -0.858021828  1.18503588
 -0.836821714  1.18503588
 -0.815646148  1.18503588
 -0.794407806  1.18503588
 -0.773224734  1.18503588
 -0.752076953  1.18503588
 -0.730836817  1.18391581
 -0.709671725  1.18279573
 -0.688464494  1.18167566
 -0.667316671  1.17943552
 -0.646080901  1.1760753
 -0.624904879  1.17271509
 -0.603742978  1.1682348
 -0.582519557  1.16263444
 -0.561328346  1.15479394
 -0.540175458  1.14583337
 -0.518963619  1.13463265
 -0.497780925  1.12119179
 -0.476575899  1.10439071
 -0.455398582  1.08534949
 -0.43420643  1.06294806
 -0.413021207  1.03718641
 -0.391837083  1.00694447
 -0.370651481  0.974462395
 -0.349464529  0.9386201
 -0.328256229  0.899417589
 -0.30707651  0.857974936
 -0.285887211  0.814292139
 -0.264697912  0.76948927
 -0.243500337  0.724686401
