 -1.60380942  0.74895835
 -1.58284973  0.765625017
 -1.56166043  0.781250017
 -1.54031965  0.795833351
 -1.51925659  0.811458351
 -1.498136  0.826041685
 -1.47701215  0.840625019
 -1.4556203  0.854166686
 -1.434342  0.867708353
 -1.4132092  0.88125002
 -1.39197954  0.894791687
 -1.37096967  0.907291687
 -1.34970712  0.919791687
 -1.3285062  0.932291688
 -1.30740548  0.944791688
 -1.28622673  0.957291688
 -1.26502738  0.968750022
 -1.24385721  0.980208355
 -1.22257682  0.991666689
 -1.20142222  1.00312502
 -1.18025771  1.01458336
 -1.15897399  1.02604169
 -1.13778469  1.03750002
 -1.11658112  1.04791669
 -1.09541221  1.05937502
 -1.07419055  1.07083336
 -1.05309372  1.08125002
 -1.03191617  1.09270836
 -1.01071568  1.10312502
 -0.989542361  1.11458336
 -0.968337844  1.12604169
 -0.947153376  1.13645836
 -0.925941073  1.14791669
 -0.904751774  1.15937503
 -0.883545784  1.16979169
 -0.862372381  1.18125003
 -0.841198222  1.19270836
 -0.819998109  1.20416669
 -0.798822542  1.21458336
 -0.777584201  1.22604169
 -0.756401129  1.23645836
 -0.735253348  1.24687503
 -0.714013211  1.25729169
 -0.69284812  1.26666669
 -0.671640889  1.27500003
 -0.650493065  1.28333336
 -0.629257295  1.28958336
 -0.608081273  1.2947917
 -0.586919372  1.2979167
 -0.565695951  1.29895836
 -0.544504741  1.2979167
 -0.523351853  1.29375003
 -0.502140013  1.28645836
 -0.480957319  1.2760417
 -0.459752294  1.26145836
 -0.438574977  1.24479169
 -0.417382825  1.22395836
 -0.396197601  1.20000003
 -0.375013478  1.17395836
 -0.353827875  1.14687503
 -0.332640923  1.11770836
 -0.311432624  1.08854169
 -0.290252905  1.05937502
 -0.269063606  1.02916669
 -0.247874307  1.00000002
 -0.226676732  0.971875022
 -0.205501444  0.944791688
 -0.184308809  0.918750021
 -0.163116333  0.89375002
 -0.141925521  0.869791686
 -0.120739824  0.846875019
 -0.099550525  0.826041685
 -0.0783527308  0.805208351
 -0.0571696553  0.786458351
 -0.0359750217  0.768750017
 -0.0147947546  0.75208335
  0.00640153349  0.735416683
  0.0275852004  0.720833349
