 -2.26074461  0.891686331
 -2.24035145  0.900865455
 -2.21897246  0.908733275
 -2.1967909  0.916601096
 -2.17568742  0.92578022
 -2.15556207  0.934959344
 -2.13320374  0.944138468
 -2.11194032  0.953317592
 -2.09166957  0.962496716
 -2.06960542  0.97167584
 -2.04860824  0.980854964
 -2.02735794  0.991345391
 -2.00709911  1.00052452
 -1.98552188  1.01101494
 -1.96391073  1.02150537
 -1.9433242  1.0319958
 -1.92175209  1.04248622
 -1.90120099  1.05428796
 -1.87983794  1.06477838
 -1.85864864  1.07658011
 -1.83686886  1.08707054
 -1.81612938  1.09887227
 -1.79490436  1.110674
 -1.77330708  1.12247573
 -1.75273314  1.13427746
 -1.73123528  1.1460792
 -1.7101635  1.15919223
 -1.68894622  1.17099396
 -1.66765033  1.184107
 -1.64633418  1.19590873
 -1.62553161  1.20902176
 -1.60429625  1.22082349
 -1.58273429  1.23393653
 -1.5617746  1.24573826
 -1.5405853  1.25885129
 -1.51924452  1.27065302
 -1.49818146  1.28376606
 -1.47706087  1.29556779
 -1.45593702  1.30736952
 -1.43454517  1.31917125
 -1.41326687  1.33097298
 -1.39213407  1.34277471
 -1.37090441  1.35326514
 -1.34989454  1.36375556
 -1.32863199  1.37293469
 -1.30743107  1.38211381
 -1.28633035  1.39129294
 -1.2651516  1.39784945
 -1.24395225  1.40440597
 -1.22278209  1.41096249
 -1.20150169  1.4148964
 -1.18034709  1.41883031
 -1.15918258  1.42014161
 -1.13789886  1.42145292
 -1.11670956  1.42014161
 -1.09550599  1.41883031
 -1.07433708  1.4148964
 -1.05311542  1.40833988
 -1.03201859  1.40178336
 -1.01084104  1.39391554
 -0.989640552  1.38342512
 -0.968467231  1.37293469
 -0.947262714  1.35982165
 -0.926078246  1.34670862
 -0.904865944  1.33228428
 -0.883676645  1.31654864
 -0.862470654  1.3021243
 -0.841297252  1.28638866
 -0.820123092  1.27065302
 -0.798922979  1.25491738
 -0.777747412  1.24049304
 -0.756509071  1.2247574
 -0.735325999  1.21164437
 -0.714178218  1.19722003
 -0.692938081  1.184107
 -0.67177299  1.17230526
 -0.650565759  1.16050353
 -0.629417936  1.15001311
 -0.608182166  1.14083398
 -0.587006143  1.13034355
 -0.565844242  1.12247573
 -0.544620821  1.11329661
 -0.523429611  1.10542879
 -0.502276723  1.09756097
 -0.481064883  1.09100445
 -0.459882189  1.08444793
 -0.438677164  1.07789142
 -0.417499847  1.0713349
 -0.396307695  1.06477838
 -0.375122471  1.05953317
 -0.353938348  1.05297665
 -0.332752745  1.04773144
 -0.311565793  1.04117492
 -0.290357494  1.03592971
 -0.269177775  1.03068449
 -0.247988476  1.02412798
