 -1.87575577  0.666855325
 -1.85415849  0.690435782
 -1.83358454  0.714959458
 -1.81208669  0.739483133
 -1.79101491  0.765893245
 -1.76979762  0.791360139
 -1.74850174  0.818713469
 -1.72718558  0.846066799
 -1.70638301  0.873420129
 -1.68514765  0.901716678
 -1.66358569  0.930013226
 -1.64262601  0.958309775
 -1.62143671  0.986606323
 -1.60009593  1.01395965
 -1.57903286  1.04131298
 -1.55791227  1.06866631
 -1.53678842  1.09601964
 -1.51539657  1.12242976
 -1.49411827  1.14789665
 -1.47298548  1.17336354
 -1.45175582  1.19788722
 -1.43074594  1.22146768
 -1.4094834  1.24504813
 -1.38828247  1.26768537
 -1.36718175  1.28937939
 -1.346003  1.31013019
 -1.32480366  1.32993778
 -1.30363349  1.34974536
 -1.2823531  1.36860973
 -1.2611985  1.38653087
 -1.24003399  1.4035088
 -1.21875026  1.41954351
 -1.19756097  1.43463501
 -1.17635739  1.4497265
 -1.15518848  1.46293156
 -1.13396682  1.47519339
 -1.11286999  1.48651201
 -1.09169244  1.4959442
 -1.07049196  1.50443316
 -1.04931863  1.51197891
 -1.02811412  1.516695
 -1.00692965  1.51952465
 -0.985717348  1.52046787
 -0.964528048  1.51952465
 -0.943322058  1.51575178
 -0.922148656  1.51103569
 -0.900974496  1.50348994
 -0.879774383  1.49405776
 -0.858598816  1.48273914
 -0.837360475  1.46953408
 -0.816177403  1.45538581
 -0.795029622  1.44029432
 -0.773789485  1.42425961
 -0.752624394  1.40728168
 -0.731417163  1.39030375
 -0.71026934  1.3723826
 -0.68903357  1.35446145
 -0.667857547  1.33654031
 -0.646695646  1.31861916
 -0.625472225  1.29975479
 -0.604281015  1.28183365
 -0.583128127  1.2639125
 -0.561916287  1.24599135
 -0.540733593  1.2280702
 -0.519528568  1.21109227
 -0.498351251  1.19317113
 -0.477159099  1.1761932
 -0.455973875  1.15921527
 -0.434789752  1.14223734
 -0.413604149  1.12525941
 -0.392417197  1.1092247
 -0.371208898  1.09318999
 -0.350029179  1.07715528
 -0.32883988  1.06112057
 -0.307650581  1.04508586
 -0.286453006  1.02999436
 -0.265277719  1.01490287
