 -2.02565614  0.685029958
 -2.00405886  0.709580857
 -1.98348491  0.745509001
 -1.96198706  0.797006009
 -1.94091528  0.865868286
 -1.91969799  0.952095833
 -1.89840211  1.05149703
 -1.87708595  1.15508985
 -1.85628338  1.25269464
 -1.83504802  1.33712578
 -1.81348606  1.40299405
 -1.79252638  1.45089824
 -1.77133708  1.48383237
 -1.7499963  1.50598806
 -1.72893323  1.51916172
 -1.70781264  1.52694615
 -1.68668879  1.53113776
 -1.66529694  1.53233537
 -1.64401864  1.53233537
 -1.62288585  1.53113776
 -1.60165618  1.52934136
 -1.58064631  1.52694615
 -1.55938377  1.52455094
 -1.53818284  1.52155693
 -1.51708212  1.51916172
 -1.49590337  1.5161677
 -1.47470403  1.51317369
 -1.45353386  1.51017968
 -1.43225346  1.50718567
 -1.41109887  1.50419166
 -1.38993435  1.50119764
 -1.36865063  1.49820363
 -1.34746133  1.49520962
 -1.32625776  1.49221561
 -1.30508885  1.4892216
 -1.28386719  1.48622758
 -1.26277036  1.48323357
 -1.24159281  1.48023956
 -1.22039232  1.47724555
 -1.199219  1.47425153
 -1.17801449  1.47125752
 -1.15683002  1.46826351
 -1.13561772  1.4652695
 -1.11442842  1.46227549
 -1.09322243  1.45928147
 -1.07204902  1.45628746
 -1.05087486  1.45269465
 -1.02967475  1.44970064
 -1.00849918  1.44670662
 -0.987260843  1.44311381
 -0.966077772  1.4401198
 -0.94492999  1.43712579
 -0.923689854  1.43353297
 -0.902524762  1.42994016
 -0.881317531  1.42634734
 -0.860169708  1.42275453
 -0.838933938  1.41916171
 -0.817757916  1.4155689
 -0.796596015  1.41137728
 -0.775372594  1.40718566
 -0.754181383  1.40299405
 -0.733028495  1.39820363
 -0.711816656  1.39341321
 -0.690633962  1.38862279
 -0.669428936  1.38323357
 -0.648251619  1.37784435
 -0.627059467  1.37125752
 -0.605874244  1.36467069
 -0.58469012  1.35808387
 -0.563504518  1.35029944
 -0.542317566  1.3419162
 -0.521109266  1.33293417
 -0.499929547  1.32275453
 -0.478740248  1.31197608
 -0.457550949  1.30000003
 -0.436353374  1.28682638
 -0.415178087  1.27245512
 -0.393985452  1.25628746
 -0.372792975  1.23832339
 -0.351602163  1.21856291
 -0.330416467  1.19700602
 -0.309227168  1.17305392
 -0.288029373  1.14730542
 -0.266846298  1.1179641
 -0.245651664  1.08682638
 -0.224471397  1.05209584
 -0.203275109  1.01437128
 -0.182091442  0.97365272
 -0.160897267  0.929341341
