 -2.80212367  0.596617609
 -2.78093437  0.596617609
 -2.76073098  0.596617609
 -2.73766568  0.596617609
 -2.71576384  0.596617609
 -2.6949137  0.596617609
 -2.67501887  0.597139584
 -2.65290455  0.597139584
 -2.63186195  0.597661559
 -2.61179197  0.598183534
 -2.58993606  0.598705509
 -2.56912756  0.599227484
 -2.54685116  0.59974946
 -2.52566186  0.60079341
 -2.50545848  0.60183736
 -2.48406033  0.602881311
 -2.46366717  0.603925261
 -2.44228818  0.605491186
 -2.42010662  0.607057112
 -2.39900314  0.608623037
 -2.37887779  0.610710938
 -2.35651946  0.612798839
 -2.33525605  0.614886739
 -2.31498529  0.61801859
 -2.29292114  0.620628466
 -2.27192397  0.623760317
 -2.25067367  0.627414143
 -2.23041483  0.631589944
 -2.2088376  0.635765746
 -2.18722645  0.640463522
 -2.16663992  0.645683274
 -2.14506781  0.651425001
 -2.12451671  0.657688702
 -2.10315366  0.66447438
 -2.08196436  0.672304007
 -2.06018459  0.680133634
 -2.0394451  0.689007212
 -2.01822009  0.698402765
 -1.99662281  0.708842268
 -1.97604886  0.719803747
 -1.95455101  0.731809175
 -1.93347923  0.744858554
 -1.91226194  0.758429908
 -1.89096606  0.773567188
 -1.8696499  0.789226443
 -1.84884733  0.806451623
 -1.82761197  0.824198779
 -1.80605001  0.84351186
 -1.78509033  0.863346916
 -1.76390103  0.884747897
 -1.74256025  0.907192829
 -1.72149718  0.930681712
 -1.70037659  0.955214544
 -1.67925274  0.980791327
 -1.65786089  1.00741206
 -1.63658259  1.03455477
 -1.6154498  1.06274143
 -1.59422014  1.09197204
 -1.57321026  1.12120265
 -1.55194772  1.15095523
 -1.53074679  1.18122979
 -1.50964607  1.21150435
 -1.48846732  1.24125693
 -1.46726798  1.27153149
 -1.44609781  1.3007621
 -1.42481741  1.32999271
 -1.40366282  1.35817937
 -1.3824983  1.38584405
 -1.36121458  1.41194281
 -1.34002528  1.43699762
 -1.31882171  1.46100847
 -1.2976528  1.48293143
 -1.27643114  1.50381044
 -1.25533431  1.52260154
 -1.23415676  1.53982672
 -1.21295628  1.554964
 -1.19178295  1.56801338
 -1.17057844  1.57949684
 -1.14939397  1.58889239
 -1.12818167  1.59620004
 -1.10699237  1.60194177
 -1.08578638  1.60559559
 -1.06461298  1.60716152
 -1.04343882  1.60663954
 -1.0222387  1.60455164
 -1.00106314  1.60089782
 -0.979824794  1.59515609
 -0.958641723  1.58837041
 -0.937493941  1.57949684
 -0.916253805  1.56905733
 -0.895088713  1.55757388
 -0.873881483  1.5445245
 -0.852733659  1.5299092
 -0.831497889  1.51424994
 -0.810321867  1.49754674
 -0.789159966  1.47927761
 -0.767936545  1.4604865
 -0.746745334  1.44065144
 -0.725592446  1.41977244
 -0.704380607  1.39837146
 -0.683197913  1.37592652
 -0.661992887  1.35295962
 -0.64081557  1.32947073
 -0.619623418  1.3049379
 -0.598438195  1.28040507
 -0.577254071  1.25482829
 -0.556068469  1.2292515
 -0.534881517  1.20315275
 -0.513673217  1.17705399
 -0.492493498  1.15043325
 -0.471304199  1.12381252
 -0.4501149  1.09719179
 -0.428917326  1.07004908
 -0.407742038  1.04342835
 -0.386549403  1.01628564
 -0.365356927  0.98914293
 -0.344166115  0.962522196
 -0.322980418  0.935379488
 -0.301791119  0.90928073
 -0.280593324  0.882659997
 -0.259410249  0.856561239
 -0.238215615  0.830462481
