 -1.92044632  0.63024883
 -1.89884905  0.635742904
 -1.8782751  0.642021847
 -1.85677724  0.649870524
 -1.83570547  0.659288938
 -1.81448818  0.669492219
 -1.7931923  0.682050103
 -1.77187614  0.696177724
 -1.75107357  0.711875079
 -1.72983821  0.729927038
 -1.70827625  0.749548733
 -1.68731656  0.772309899
 -1.66612727  0.7966408
 -1.64478649  0.824111172
 -1.62372342  0.85315128
 -1.60260283  0.884545991
 -1.58147898  0.918295306
 -1.56008713  0.953614356
 -1.53880883  0.990503142
 -1.51767604  1.02896166
 -1.49644637  1.06742018
 -1.4754365  1.10666357
 -1.45417396  1.14590696
 -1.43297303  1.18358062
 -1.41187231  1.2204694
 -1.39069356  1.25657332
 -1.36949421  1.28953777
 -1.34832405  1.32093248
 -1.32704365  1.34918772
 -1.30588905  1.37508836
 -1.28472454  1.39784952
 -1.26344082  1.41825608
 -1.24225152  1.43473831
 -1.22104795  1.4496508
 -1.19987904  1.46063894
 -1.17865738  1.47005736
 -1.15756055  1.4763363
 -1.136383  1.48104551
 -1.11518251  1.48340011
 -1.09400919  1.48418498
 -1.07280468  1.48261524
 -1.05162021  1.48026064
 -1.03040791  1.4763363
 -1.00921861  1.47084223
 -0.988012616  1.46456328
 -0.966839213  1.45749947
 -0.945665054  1.4496508
 -0.924464941  1.44101725
 -0.903289374  1.4323837
 -0.882051033  1.42218042
 -0.860867961  1.41197714
 -0.839720179  1.40098899
 -0.818480043  1.39000084
 -0.797314951  1.37901269
 -0.776107721  1.36723968
 -0.754959897  1.35546666
 -0.733724127  1.34369364
 -0.712548105  1.33192063
 -0.691386204  1.31936274
 -0.670162783  1.30680486
 -0.648971573  1.29424697
 -0.627818685  1.28168909
 -0.606606845  1.26913121
 -0.585424151  1.25657332
 -0.564219126  1.24401544
 -0.543041809  1.23145755
 -0.521849657  1.21889967
 -0.500664433  1.20634178
 -0.479480309  1.1937839
 -0.458294707  1.18122601
 -0.437107755  1.16866813
 -0.415899456  1.15611024
 -0.394719737  1.14355236
 -0.373530437  1.13099448
 -0.352341138  1.11843659
 -0.331143564  1.10666357
 -0.309968276  1.09410569
 -0.288775641  1.08154781
 -0.267583165  1.06977479
