 -2.10456617  1.19162643
 -2.08337687  1.19630151
 -2.06159709  1.20149605
 -2.04085761  1.20669058
 -2.01963259  1.21136566
 -1.99803531  1.2165602
 -1.97746137  1.22175473
 -1.95596351  1.22694927
 -1.93489173  1.2321438
 -1.91367445  1.23733834
 -1.89237856  1.24253288
 -1.87106241  1.24772741
 -1.85025984  1.25292195
 -1.82902448  1.25811648
 -1.80746252  1.26331102
 -1.78650283  1.26902501
 -1.76531353  1.27421954
 -1.74397275  1.27941408
 -1.72290968  1.28460861
 -1.7017891  1.2903226
 -1.68066525  1.29551714
 -1.6592734  1.30123113
 -1.63799509  1.30642566
 -1.6168623  1.31213965
 -1.59563264  1.31733419
 -1.57462277  1.32304817
 -1.55336022  1.32876216
 -1.5321593  1.3339567
 -1.51105858  1.33967069
 -1.48987983  1.34538468
 -1.46868048  1.35109867
 -1.44751031  1.35681266
 -1.42622992  1.36252664
 -1.40507532  1.36824063
 -1.38391081  1.37395462
 -1.36262709  1.37966861
 -1.34143779  1.3853826
 -1.32023422  1.39109659
 -1.29906531  1.39681058
 -1.27784365  1.40252457
 -1.25674682  1.40875801
 -1.23556926  1.414472
 -1.21436878  1.42018599
 -1.19319546  1.42589998
 -1.17199094  1.43161397
 -1.15080648  1.4368085
 -1.12959417  1.44252249
 -1.10840487  1.44771703
 -1.08719888  1.45239211
 -1.06602548  1.45654774
 -1.04485132  1.46018391
 -1.02365121  1.46330063
 -1.00247564  1.46485899
 -0.9812373  1.46485899
 -0.960054229  1.46278118
 -0.938906447  1.4581061
 -0.917666311  1.45031429
 -0.896501219  1.43888631
 -0.875293989  1.42330271
 -0.854146165  1.40356347
 -0.832910395  1.38122697
 -0.811734373  1.35681266
 -0.790572472  1.33187888
 -0.769349051  1.30798402
 -0.74815784  1.28720588
 -0.727004952  1.26902501
 -0.705793113  1.25499976
 -0.684610419  1.24409124
 -0.663405393  1.23629943
 -0.642228076  1.2311049
 -0.621035924  1.22798818
 -0.599850701  1.22539091
 -0.578666577  1.224352
 -0.557480975  1.22383255
 -0.536294023  1.22279364
 -0.515085723  1.22227419
 -0.493906004  1.22071583
 -0.472716705  1.21863801
 -0.451527406  1.21604074
 -0.430329832  1.21188512
 -0.409154544  1.20617113
 -0.387961909  1.19889878
 -0.366769433  1.19006807
 -0.34557862  1.17864009
 -0.324392924  1.16461484
 -0.303203625  1.14747288
 -0.28200583  1.12669474
 -0.260822755  1.10279987
 -0.239628121  1.07474938
