 -2.07396301  0.699999998
 -2.05189886  0.70493827
 -2.03090169  0.709876541
 -2.00965139  0.716049381
 -1.98939255  0.720987652
 -1.96781532  0.725925924
 -1.94620417  0.732098763
 -1.92561764  0.737037035
 -1.90404553  0.743209874
 -1.88349443  0.748148146
 -1.86213138  0.754320985
 -1.84094208  0.759259257
 -1.81916231  0.765432097
 -1.79842282  0.770370368
 -1.7771978  0.776543208
 -1.75560053  0.781481479
 -1.73502658  0.787654319
 -1.71352872  0.79259259
 -1.69245695  0.79876543
 -1.67123966  0.803703701
 -1.64994377  0.809876541
 -1.62862762  0.81604938
 -1.60782505  0.820987652
 -1.58658969  0.827160491
 -1.56502773  0.832098763
 -1.54406804  0.838271602
 -1.52287875  0.844444442
 -1.50153797  0.849382714
 -1.4804749  0.855555553
 -1.45935431  0.861728393
 -1.43823046  0.866666664
 -1.41683861  0.872839504
 -1.39556031  0.877777775
 -1.37442752  0.883950615
 -1.35319785  0.888888886
 -1.33218798  0.895061726
 -1.31092544  0.899999997
 -1.28972451  0.906172837
 -1.26862379  0.911111108
 -1.24744504  0.917283948
 -1.22624569  0.92222222
 -1.20507553  0.927160491
 -1.18379513  0.933333331
 -1.16264053  0.938271602
 -1.14147602  0.943209874
 -1.1201923  0.948148145
 -1.099003  0.953086417
 -1.07779943  0.958024689
 -1.05663052  0.96296296
 -1.03540886  0.967901232
 -1.01431203  0.972839503
 -0.993134477  0.977777775
 -0.971933993  0.982716046
 -0.950760672  0.98641975
 -0.929556156  0.991358022
 -0.908371688  0.995061725
 -0.887159385  0.998765429
 -0.865970086  1.0037037
 -0.844764096  1.0074074
 -0.823590693  1.01111111
 -0.802416534  1.01358024
 -0.78121642  1.01728395
 -0.760040854  1.02098765
 -0.738802512  1.02345679
 -0.717619441  1.02592592
 -0.696471659  1.02839506
 -0.675231523  1.03086419
 -0.654066431  1.03333333
 -0.6328592  1.0345679
 -0.611711377  1.03703703
 -0.590475607  1.0382716
 -0.569299585  1.03950617
 -0.548137684  1.03950617
 -0.526914263  1.04074074
 -0.505723052  1.04074074
 -0.484570164  1.04074074
 -0.463358325  1.04074074
 -0.442175631  1.03950617
 -0.420970605  1.0382716
 -0.399793288  1.03703703
 -0.378601136  1.03580247
 -0.357415913  1.03333333
 -0.336231789  1.03086419
 -0.315046187  1.02839506
 -0.293859235  1.02469136
 -0.272650935  1.02098765
 -0.251471216  1.01728395
 -0.230281917  1.01358024
 -0.209092618  1.00864197
 -0.187895044  1.00246913
 -0.166719756  0.997530861
 -0.145527121  0.991358022
 -0.124334644  0.985185182
 -0.103143832  0.977777775
 -0.0819581357  0.970370368
 -0.0607688366  0.961728392
 -0.0395710424  0.954320985
