 -2.09143334  0.881195903
 -2.06936919  0.891686331
 -2.04837201  0.903488062
 -2.02712171  0.915289792
 -2.00686288  0.927091523
 -1.98528565  0.938893254
 -1.9636745  0.952006288
 -1.94308797  0.965119323
 -1.92151586  0.978232357
 -1.90096476  0.991345391
 -1.87960171  1.00445843
 -1.85841241  1.01888276
 -1.83663263  1.0333071
 -1.81589315  1.04773144
 -1.79466813  1.06215578
 -1.77307085  1.07789142
 -1.75249691  1.09362706
 -1.73099905  1.1093627
 -1.70992727  1.12509834
 -1.68870999  1.14214529
 -1.6674141  1.15919223
 -1.64609795  1.17623917
 -1.62529538  1.19459742
 -1.60406002  1.21164437
 -1.58249806  1.23000262
 -1.56153837  1.24967217
 -1.54034907  1.26803041
 -1.51900829  1.28769997
 -1.49794523  1.30736952
 -1.47682464  1.32835037
 -1.45570079  1.34801992
 -1.43430894  1.36900078
 -1.41303064  1.39129294
 -1.39189785  1.41227379
 -1.37066818  1.43325465
 -1.34965831  1.4555468
 -1.32839576  1.47652766
 -1.30719484  1.49881982
 -1.28609412  1.51980067
 -1.26491537  1.53947022
 -1.24371602  1.55913978
 -1.22254586  1.57749802
 -1.20126546  1.59454497
 -1.18011086  1.61028061
 -1.15894635  1.62339364
 -1.13766263  1.63257277
 -1.11647333  1.63912928
 -1.09526976  1.64306319
 -1.07410085  1.64306319
 -1.05287919  1.63912928
 -1.03178236  1.62995016
 -1.01060481  1.61945973
 -0.989404322  1.60372409
 -0.968231001  1.58667715
 -0.947026485  1.5670076
 -0.925842017  1.54471544
 -0.904629714  1.52111198
 -0.883440415  1.49619721
 -0.862234425  1.46997114
 -0.841061022  1.44505638
 -0.819886863  1.41883031
 -0.79868675  1.39260424
 -0.777511183  1.36637817
 -0.756272841  1.3401521
 -0.73508977  1.31523734
 -0.713941988  1.29032257
 -0.692701852  1.26540781
 -0.67153676  1.24180435
 -0.65032953  1.21820088
 -0.629181706  1.19459742
 -0.607945936  1.17230526
 -0.586769914  1.15001311
 -0.565608013  1.12903225
 -0.544384592  1.1080514
 -0.523193381  1.08838184
 -0.502040493  1.06871229
 -0.480828654  1.04904274
 -0.45964596  1.03068449
 -0.438440934  1.01232625
 -0.417263617  0.995279302
 -0.396071465  0.978232357
 -0.374886242  0.961185412
 -0.353702118  0.945449771
 -0.332516516  0.92971413
 -0.311329564  0.913978489
 -0.290121264  0.899554151
