 -2.05690485  0.945454569
 -2.03571555  1.03181821
 -2.01393578  1.11298704
 -1.99319629  1.18181821
 -1.97197128  1.23506497
 -1.950374  1.27467536
 -1.92980005  1.30259743
 -1.9083022  1.32207795
 -1.88723042  1.33636367
 -1.86601313  1.34740263
 -1.84471725  1.35519484
 -1.82340109  1.36168835
 -1.80259852  1.3675325
 -1.78136316  1.37272731
 -1.7598012  1.37727276
 -1.73884152  1.38181822
 -1.71765222  1.38636367
 -1.69631144  1.39090913
 -1.67524837  1.39480523
 -1.65412778  1.39935068
 -1.63300393  1.40324679
 -1.61161208  1.40779224
 -1.59033378  1.41168835
 -1.56920099  1.4162338
 -1.54797133  1.42012991
 -1.52696145  1.42467536
 -1.50569891  1.42922081
 -1.48449798  1.43311692
 -1.46339726  1.43766237
 -1.44221851  1.44155848
 -1.42101917  1.44610393
 -1.399849  1.45064939
 -1.3785686  1.45454549
 -1.35741401  1.45909095
 -1.33624949  1.4636364
 -1.31496577  1.46818185
 -1.29377647  1.47207796
 -1.2725729  1.47662341
 -1.25140399  1.48051952
 -1.23018233  1.48506497
 -1.2090855  1.48961043
 -1.18790795  1.49350653
 -1.16670747  1.49740263
 -1.14553414  1.50194809
 -1.12432963  1.50584419
 -1.10314516  1.50909095
 -1.08193286  1.51298705
 -1.06074356  1.5162338
 -1.03953757  1.51948056
 -1.01836416  1.52207796
 -0.997190006  1.52402601
 -0.975989892  1.52597406
 -0.954814326  1.52662341
 -0.933575984  1.52662341
 -0.912392913  1.52532471
 -0.891245131  1.52337666
 -0.870004995  1.51948056
 -0.848839903  1.51428575
 -0.827632673  1.50714289
 -0.806484849  1.49805199
 -0.785249079  1.48701302
 -0.764073057  1.47402601
 -0.742911156  1.45909095
 -0.721687735  1.44220783
 -0.700496524  1.42337666
 -0.679343636  1.40324679
 -0.658131797  1.38246757
 -0.636949103  1.36038964
 -0.615744077  1.33701302
 -0.59456676  1.3136364
 -0.573374608  1.28961042
 -0.552189385  1.26558445
 -0.531005261  1.24155847
 -0.509819659  1.2175325
 -0.488632707  1.19350652
 -0.467424407  1.1701299
 -0.446244688  1.14675328
 -0.425055389  1.12337665
 -0.40386609  1.10064938
 -0.382668516  1.07857146
 -0.361493228  1.05649353
 -0.340300593  1.03506496
 -0.319108116  1.01363639
 -0.297917304  0.992857167
 -0.276731608  0.972727297
 -0.255542309  0.952597426
 -0.234344514  0.933116906
 -0.213161439  0.913636386
 -0.191966805  0.894805217
 -0.170786538  0.876623398
 -0.14959025  0.85844158
 -0.128406583  0.840909112
