.08333333 .08333333 2.28266657 2.28266657 2.23365893 .01479079 1.00 150 585.895 285.075
.25000000 .08333333 6.84800000 2.28266657 1.35719568 .00675086 1.00 200 357.742 171.26
.41666666 .08333333 11.41333315 2.28266657 .94428489 .00433296 1.00 217 246.453 118.733
.58333333 .08333333 15.97866657 2.28266657 .69820591 .00324557 1.00 214 178.660 84.4503
.75000000 .08333333 20.54400000 2.28266657 .53466788 .00254701 1.00 209 136.276 61.8908
.91666666 .08333333 25.10933315 2.28266657 .41775692 .00206602 1.00 201 107.179 47.9887
1.08333333 .08333333 29.67466657 2.28266657 .33150634 .00166147 1.00 198 85.317 38.8773
1.25000000 .08333333 34.24000000 2.28266657 .26115992 .00137276 1.00 188 66.662 30.881
1.41666666 .08333333 38.80533315 2.28266657 .20489738 .00113789 1.00 178 52.726 23.9825
1.58333333 .08333333 43.37066657 2.28266657 .16373242 .00097225 1.00 166 42.479 19.1106
1.75000000 .08333333 47.93600000 2.28266657 .13711268 .00084724 1.00 159 35.282 15.9697
1.91666666 .08333333 52.50133315 2.28266657 .11609591 .00076536 1.00 149 29.816 12.7546
2.08333333 .08333333 57.06666657 2.28266657 .09654186 .00067259 1.00 140 24.741 10.5115
2.25000000 .08333333 61.63200000 2.28266657 .08344148 .00060204 1.00 135 21.255 9.07816
2.41666666 .08333333 66.19733315 2.28266657 .07300460 .00054294 1.00 130 18.496 7.81977
2.58333333 .08333333 70.76266657 2.28266657 .06224554 .00049564 1.00 121 15.618 6.52796
2.75000000 .08333333 75.32800000 2.28266657 .05594238 .00045888 1.00 117 13.934 5.72484
2.91666666 .08333333 79.89333315 2.28266657 .04903837 .00042072 1.00 112 12.239 4.95107
3.08333333 .08333333 84.45866657 2.28266657 .04441746 .00038742 1.00 109 11.108 4.49525
3.25000000 .08333333 89.02400000 2.28266657 .03976928 .00036444 .98 103 9.789 3.97618
3.41666666 .08333333 93.58933315 2.28266657 .03624526 .00034017 .97 101 9.019 3.61664
3.58333333 .08333333 98.15466657 2.28266657 .03294138 .00031576 .97 98 8.144 3.33912
3.75000000 .08333333 102.72000000 2.28266657 .02951937 .00029031 .97 95 7.242 3.01091
3.91666666 .08333333 107.28533315 2.28266657 .02677066 .00027185 .99 91 6.560 2.66178
4.08333333 .08333333 111.85066657 2.28266657 .02457698 .00025887 .99 87 6.008 2.37335
4.25000000 .08333333 116.41600000 2.28266657 .02218582 .00024042 .98 84 5.393 2.16361
4.41666666 .08333333 120.98133315 2.28266657 .02041542 .00022499 .97 82 4.911 2.03455
4.58333333 .08333333 125.54666657 2.28266657 .01866172 .00021197 .97 79 4.473 1.85649
4.75000000 .08333333 130.11200000 2.28266657 .01826544 .00020436 .98 80 4.371 1.8097
4.91666666 .08333333 134.67733315 2.28266657 .01653586 .00019221 1.00 76 3.931 1.60463
5.08333333 .08333333 139.24266657 2.28266657 .01542921 .00018349 1.00 74 3.634 1.47045
5.25000000 .08333333 143.80800000 2.28266657 .01432646 .00017792 .99 70 3.358 1.32138
5.41666666 .08333333 148.37333315 2.28266657 .01379867 .00017766 .98 67 3.246 1.20414
5.58333333 .08333333 152.93866657 2.28266657 .01306245 .00017693 .97 64 3.092 1.06823
5.75000000 .08333333 157.50400000 2.28266657 .01246764 .00017185 .98 62 2.949 0.994517
5.91666666 .08333333 162.06933315 2.28266657 .01176463 .00016349 .98 61 2.789 0.950988
6.08333333 .08333333 166.63466657 2.28266657 .01139093 .00015871 .98 61 2.690 0.910008
6.25000000 .08333333 171.20000000 2.28266657 .01080477 .00015712 .96 58 2.523 0.839386
6.41666666 .08333333 175.76533315 2.28266657 .01006372 .00015208 .97 55 2.338 0.744358
6.58333333 .08333333 180.33066657 2.28266657 .00983665 .00014929 .97 55 2.298 0.723257
6.75000000 .08333333 184.89600000 2.28266657 .00974830 .00014812 .98 54 2.293 0.696603
6.91666666 .08333333 189.46133315 2.28266657 .00899904 .00014346 .98 51 2.104 0.616155
7.08333333 .08333333 194.02666657 2.28266657 .00851099 .00014090 .95 49 1.974 0.573547
7.25000000 .08333333 198.59200000 2.28266657 .00793127 .00013434 .95 47 1.835 0.535097
7.41666666 .08333333 203.15733315 2.28266657 .00786902 .00013115 .97 48 1.809 0.53164
7.58333333 .08333333 207.72266657 2.28266657 .00777691 .00012814 .98 48 1.784 0.527258
7.75000000 .08333333 212.28800000 2.28266657 .00728152 .00012230 .98 46 1.648 0.494408
7.91666666 .08333333 216.85333315 2.28266657 .00693725 .00011977 .96 45 1.565 0.469183
8.08333333 .08333333 221.41866657 2.28266657 .00669729 .00011751 .95 44 1.505 0.447267
8.25000000 .08333333 225.98400000 2.28266657 .00671871 .00011730 .96 44 1.501 0.440344
8.41666666 .08333333 230.54933315 2.28266657 .00615242 .00011207 .95 41 1.362 0.399901
8.58333333 .08333333 235.11466657 2.28266657 .00643301 .00011429 .95 43 1.413 0.412663
8.75000000 .08333333 239.68000000 2.28266657 .00626806 .00011259 .93 42 1.375 0.404207
8.91666666 .08333333 244.24533315 2.28266657 .00580686 .00010922 .92 39 1.258 0.365716
9.08333333 .08333333 248.81066657 2.28266657 .00550652 .00010673 .91 38 1.187 0.340573
9.25000000 .08333333 253.37600000 2.28266657 .00515583 .00010370 .92 35 1.095 0.309533
9.41666666 .08333333 257.94133315 2.28266657 .00497904 .00010168 .93 35 1.049 0.289022
9.58333333 .08333333 262.50666657 2.28266657 .00498260 .00010200 .94 34 1.047 0.281678
9.75000000 .08333333 267.07200000 2.28266657 .00508284 .00010153 .95 35 1.054 0.286458
9.91666666 .08333333 271.63733315 2.28266657 .00478434 .00009766 .96 34 .983 0.266935
10.08333333 .08333333 276.20266657 2.28266657 .00485542 .00009709 .96 35 .990 0.274299
10.25000000 .08333333 280.76800000 2.28266657 .00435366 .00009165 .97 32 .878 0.241604
10.41666666 .08333333 285.33333315 2.28266657 .00421854 .00009012 .96 31 .848 0.231931
10.58333333 .08333333 289.89866657 2.28266657 .00420188 .00009070 .95 31 .839 0.227284
10.75000000 .08333333 294.46400000 2.28266657 .00389159 .00008802 .94 29 .775 0.204504
10.91666666 .08333333 299.02933315 2.28266657 .00378571 .00008828 .95 28 .748 0.188369
11.08333333 .08333333 303.59466657 2.28266657 .00354476 .00008525 .95 26 .691 0.174292
11.25000000 .08333333 308.16000000 2.28266657 .00346779 .00008314 .95 26 .669 0.1728
11.41666666 .08333333 312.72533315 2.28266657 .00339217 .00008195 .95 25 .649 0.168218
11.58333333 .08333333 317.29066657 2.28266657 .00310450 .00007829 .94 24 .589 0.152655
11.75000000 .08333333 321.85600000 2.28266657 .00317915 .00008033 .94 24 .595 0.150042
11.91666666 .08333333 326.42133315 2.28266657 .00306926 .00008056 .95 22 .568 0.136034
12.08333333 .08333333 330.98666657 2.28266657 .00295546 .00007981 .96 21 .541 0.12543
12.25000000 .08333333 335.55200000 2.28266657 .00315597 .00008337 .97 22 .576 0.128034
12.41666666 .08333333 340.11733315 2.28266657 .00269968 .00007887 .98 19 .488 0.102393
12.58333333 .08333333 344.68266657 2.28266657 .00263562 .00008004 .97 18 .476 0.0940742
12.75000000 .08333333 349.24800000 2.28266657 .00281023 .00008554 .97 19 .509 0.0924912
12.91666666 .08333333 353.81333315 2.28266657 .00245003 .00008389 .97 16 .444 0.0721591
13.08333333 .08333333 358.37866657 2.28266657 .00226323 .00008649 .96 14 .403 0.0580217
13.25000000 .08333333 362.94400000 2.28266657 .00252690 .00009774 .96 14 .449 0.0557828
13.41666666 .08333333 367.50933315 2.28266657 .00254041 .00010530 .96 13 .452 0.0478529
13.58333333 .08333333 372.07466657 2.28266657 .00270265 .00011645 .96 13 .470 0.0438611
13.75000000 .08333333 376.64000000 2.28266657 .00230367 .00011597 .95 10 .393 0.0320749
13.91666666 .08333333 381.20533315 2.28266657 .00223461 .00012332 .95 9 .378 0.0264056
14.08333333 .08333333 385.77066657 2.28266657 .00218183 .00013514 .94 8 .358 0.0209044
14.26666666 .10000000 390.79253315 2.73920000 .00161098 .00013796 .68 5 .271 0.0123527
