0.0001 8.120e-03 3.848e-03 3.153e-02   
0.01 7.276e-03 3.724e-03 2.048e-02   
0.02 6.115e-03 3.418e-03 1.328e-02   
0.03 5.140e-03 2.881e-03 9.547e-03   
0.04 4.397e-03 2.478e-03 7.237e-03   
0.05 3.865e-03 2.211e-03 5.812e-03   
0.06 3.443e-03 2.019e-03 4.921e-03   
0.07 3.002e-03 1.846e-03 4.257e-03   
0.08 2.656e-03 1.677e-03 3.731e-03   
0.09 2.378e-03 1.535e-03 3.029e-03   
0.10 2.044e-03 1.415e-03 2.720e-03   
0.11 1.879e-03 1.314e-03 2.457e-03   
0.12 1.722e-03 1.216e-03 2.231e-03   
0.13 1.562e-03 1.132e-03 2.036e-03   
0.14 1.427e-03 1.071e-03 1.866e-03   
0.15 1.331e-03 1.022e-03 1.699e-03   
0.16 1.247e-03 9.645e-04 1.544e-03   
0.17 1.169e-03 9.011e-04 1.411e-03   
0.18 1.099e-03 8.462e-04 1.308e-03   
0.19 1.036e-03 7.981e-04 1.216e-03   
0.20 9.844e-04 7.531e-04 1.139e-03   
0.21 9.322e-04 7.076e-04 1.076e-03   
0.22 8.803e-04 6.671e-04 1.016e-03   
0.23 8.324e-04 6.306e-04 9.558e-04   
0.24 7.856e-04 6.017e-04 9.059e-04   
0.25 7.421e-04 5.852e-04 8.629e-04   
0.26 6.993e-04 5.693e-04 8.325e-04   
0.27 6.601e-04 5.539e-04 8.038e-04   
0.28 6.241e-04 5.373e-04 7.767e-04   
0.29 5.961e-04 5.164e-04 7.511e-04   
0.30 5.753e-04 4.968e-04 7.268e-04   
0.31 5.554e-04 4.783e-04 7.038e-04   
0.32 5.324e-04 4.597e-04 6.783e-04   
0.33 5.099e-04 4.420e-04 6.519e-04   
0.34 4.888e-04 4.254e-04 6.269e-04   
0.35 4.691e-04 4.097e-04 6.034e-04   
0.36 4.497e-04 3.933e-04 5.812e-04   
0.37 4.308e-04 3.765e-04 5.602e-04   
0.38 4.132e-04 3.593e-04 5.410e-04   
0.39 3.967e-04 3.434e-04 5.228e-04   
0.40 3.811e-04 3.286e-04 5.055e-04   
0.41 3.665e-04 3.151e-04 4.891e-04   
0.42 3.528e-04 3.057e-04 4.733e-04   
0.43 3.398e-04 2.968e-04 4.584e-04   
0.44 3.284e-04 2.883e-04 4.441e-04   
0.45 3.185e-04 2.798e-04 4.304e-04   
0.46 3.079e-04 2.714e-04 4.174e-04   
0.47 2.978e-04 2.633e-04 4.050e-04   
0.48 2.881e-04 2.556e-04 3.930e-04   
0.49 2.785e-04 2.483e-04 3.816e-04   
0.50 2.687e-04 2.414e-04 3.707e-04   
0.51 2.594e-04 2.346e-04 3.603e-04   
0.52 2.505e-04 2.271e-04 3.503e-04   
0.53 2.438e-04 2.200e-04 3.407e-04   
0.54 2.378e-04 2.133e-04 3.315e-04   
0.55 2.321e-04 2.063e-04 3.226e-04   
0.56 2.265e-04 1.995e-04 3.141e-04   
0.57 2.212e-04 1.930e-04 3.060e-04   
0.58 2.161e-04 1.868e-04 2.986e-04   
0.59 2.112e-04 1.809e-04 2.915e-04   
0.60 2.065e-04 1.752e-04 2.846e-04   
0.61 2.019e-04 1.698e-04 2.779e-04   
0.62 1.975e-04 1.647e-04 2.715e-04   
0.63 1.933e-04 1.597e-04 2.653e-04   
0.64 1.892e-04 1.550e-04 2.593e-04   
0.65 1.852e-04 1.502e-04 2.534e-04   
0.66 1.814e-04 1.456e-04 2.478e-04   
0.67 1.775e-04 1.412e-04 2.424e-04   
0.68 1.735e-04 1.370e-04 2.371e-04   
0.69 1.696e-04 1.330e-04 2.320e-04   
0.70 1.659e-04 1.291e-04 2.270e-04   
0.71 1.623e-04 1.254e-04 2.222e-04   
0.72 1.588e-04 1.218e-04 2.176e-04   
0.73 1.554e-04 1.183e-04 2.131e-04   
0.74 1.522e-04 1.150e-04 2.087e-04   
0.75 1.490e-04 1.123e-04 2.045e-04   
0.76 1.460e-04 1.099e-04 2.004e-04   
0.77 1.430e-04 1.075e-04 1.964e-04   
0.78 1.402e-04 1.053e-04 1.925e-04   
0.79 1.374e-04 1.031e-04 1.887e-04   
0.80 1.348e-04 1.010e-04 1.851e-04   
0.81 1.322e-04 9.891e-05 1.815e-04   
0.82 1.296e-04 9.693e-05 1.781e-04   
0.83 1.270e-04 9.502e-05 1.747e-04   
0.84 1.246e-04 9.316e-05 1.715e-04   
0.85 1.222e-04 9.137e-05 1.683e-04   
0.86 1.199e-04 8.964e-05 1.652e-04   
0.87 1.176e-04 8.796e-05 1.622e-04   
0.88 1.154e-04 8.633e-05 1.593e-04   
0.89 1.133e-04 8.475e-05 1.565e-04   
0.90 1.112e-04 8.322e-05 1.537e-04   
0.91 1.092e-04 8.173e-05 1.510e-04   
0.92 1.073e-04 8.029e-05 1.484e-04   
0.93 1.054e-04 7.889e-05 1.459e-04   
0.94 1.035e-04 7.753e-05 1.434e-04   
0.95 1.017e-04 7.621e-05 1.409e-04   
0.96 9.995e-05 7.493e-05 1.386e-04   
0.97 9.825e-05 7.368e-05 1.363e-04   
0.98 9.658e-05 7.247e-05 1.340e-04   
0.99 9.496e-05 7.129e-05 1.319e-04   
