.08333333 .08333333 1.54708327 1.54708327 1.08366994 .01383696 1.00 78 227.806 76.6684
.25000000 .08333333 4.64125000 1.54708327 .46405039 .00554960 1.00 83 96.577 29.6276
.41666666 .08333333 7.73541654 1.54708327 .20881690 .00295657 1.00 69 43.593 12.4708
.58333333 .08333333 10.82958327 1.54708327 .09580906 .00168066 1.00 55 20.074 5.93016
.75000000 .08333333 13.92375000 1.54708327 .04700837 .00102480 1.00 43 9.696 2.95515
.91666666 .08333333 17.01791654 1.54708327 .02764523 .00071089 1.00 35 5.710 1.77498
1.08333333 .08333333 20.11208327 1.54708327 .02181462 .00056998 1.00 34 4.505 1.43043
1.25000000 .08333333 23.20625000 1.54708327 .01734289 .00048860 .97 31 3.565 1.10821
1.41666666 .08333333 26.30041654 1.54708327 .01524484 .00043299 .92 30 3.186 0.996623
1.58333333 .08333333 29.39458327 1.54708327 .01373485 .00039186 .91 30 2.872 0.909736
1.75000000 .08333333 32.48875000 1.54708327 .01203765 .00035058 .91 29 2.492 0.790005
1.91666666 .08333333 35.58291654 1.54708327 .01073609 .00032781 .88 27 2.230 0.675622
2.08333333 .08333333 38.67708327 1.54708327 .00924734 .00030707 .85 24 1.918 0.544309
2.25000000 .08333333 41.77125000 1.54708327 .00881057 .00029428 .86 24 1.805 0.492559
2.41666666 .08333333 44.86541654 1.54708327 .00929839 .00028285 .87 26 1.912 0.537251
2.58333333 .08333333 47.95958327 1.54708327 .00856811 .00026549 .87 25 1.776 0.495514
2.75000000 .08333333 51.05375000 1.54708327 .00852350 .00025132 .88 27 1.770 0.503465
2.91666666 .08333333 54.14791654 1.54708327 .00823463 .00023972 .89 27 1.714 0.483144
3.08333333 .08333333 57.24208327 1.54708327 .00792254 .00022404 .92 27 1.644 0.464833
3.25000000 .08333333 60.33625000 1.54708327 .00752767 .00021507 .94 27 1.568 0.426451
3.41666666 .08333333 63.43041654 1.54708327 .00687721 .00020360 .95 25 1.439 0.37111
3.58333333 .08333333 66.52458327 1.54708327 .00722395 .00020536 .95 27 1.504 0.387646
3.75000000 .08333333 69.61875000 1.54708327 .00727320 .00019844 .94 28 1.513 0.403703
3.91666666 .08333333 72.71291654 1.54708327 .00636125 .00018268 .94 26 1.325 0.350512
4.08333333 .08333333 75.80708327 1.54708327 .00667122 .00018345 .93 27 1.375 0.370654
4.25000000 .08333333 78.90125000 1.54708327 .00634845 .00017468 .95 27 1.307 0.346181
4.41666666 .08333333 81.99541654 1.54708327 .00651064 .00017412 .97 28 1.339 0.345491
4.58333333 .08333333 85.08958327 1.54708327 .00608655 .00016594 .97 27 1.250 0.322229
4.75000000 .08333333 88.18375000 1.54708327 .00597823 .00016429 .94 27 1.229 0.312754
4.91666666 .08333333 91.27791654 1.54708327 .00565430 .00016155 .91 25 1.155 0.291869
5.08333333 .08333333 94.37208327 1.54708327 .00597623 .00016327 .90 27 1.222 0.309589
5.25000000 .08333333 97.46625000 1.54708327 .00575987 .00015798 .89 26 1.165 0.301357
5.41666666 .08333333 100.56041654 1.54708327 .00561327 .00015596 .91 26 1.142 0.278431
5.58333333 .08333333 103.65458327 1.54708327 .00578834 .00015572 .94 27 1.170 0.279443
5.75000000 .08333333 106.74875000 1.54708327 .00592908 .00015409 .96 28 1.199 0.285578
5.91666666 .08333333 109.84291654 1.54708327 .00506893 .00014136 .97 25 1.018 0.238578
6.08333333 .08333333 112.93708327 1.54708327 .00541398 .00014519 .97 26 1.082 0.248159
6.25000000 .08333333 116.03125000 1.54708327 .00512035 .00014070 .95 25 1.024 0.237545
6.41666666 .08333333 119.12541654 1.54708327 .00539080 .00014470 .93 26 1.072 0.246072
6.58333333 .08333333 122.21958327 1.54708327 .00461344 .00013424 .92 23 .922 0.207451
6.75000000 .08333333 125.31375000 1.54708327 .00497599 .00013747 .93 25 .993 0.222073
6.91666666 .08333333 128.40791654 1.54708327 .00464941 .00013222 .95 24 .918 0.199723
7.08333333 .08333333 131.50208327 1.54708327 .00451825 .00013047 .95 23 .891 0.188517
7.25000000 .08333333 134.59625000 1.54708327 .00466845 .00013168 .96 24 .917 0.19094
7.41666666 .08333333 137.69041654 1.54708327 .00474092 .00013106 .98 25 .934 0.191291
7.58333333 .08333333 140.78458327 1.54708327 .00444068 .00012581 .99 24 .872 0.176532
7.75000000 .08333333 143.87875000 1.54708327 .00455895 .00012912 .98 24 .891 0.173863
7.91666666 .08333333 146.97291654 1.54708327 .00405846 .00012257 .95 21 .789 0.154952
8.08333333 .08333333 150.06708327 1.54708327 .00395052 .00012150 .93 21 .766 0.148698
8.25000000 .08333333 153.16125000 1.54708327 .00413133 .00012433 .93 22 .795 0.152984
8.41666666 .08333333 156.25541654 1.54708327 .00377544 .00011680 .94 20 .723 0.140111
8.58333333 .08333333 159.34958327 1.54708327 .00411525 .00012021 .95 22 .786 0.152662
8.75000000 .08333333 162.44375000 1.54708327 .00405491 .00011885 .97 22 .774 0.14554
8.91666666 .08333333 165.53791654 1.54708327 .00368328 .00011368 .98 20 .697 0.127511
9.08333333 .08333333 168.63208327 1.54708327 .00345718 .00010851 .98 19 .646 0.120594
9.25000000 .08333333 171.72625000 1.54708327 .00361042 .00011039 .97 20 .674 0.127026
9.41666666 .08333333 174.82041654 1.54708327 .00347370 .00010717 .97 20 .644 0.121402
9.58333333 .08333333 177.91458327 1.54708327 .00358791 .00010809 .97 20 .664 0.126044
9.75000000 .08333333 181.00875000 1.54708327 .00325672 .00010232 .96 19 .602 0.114593
9.91666666 .08333333 184.10291654 1.54708327 .00361756 .00010856 .97 21 .666 0.122245
10.08333333 .08333333 187.19708327 1.54708327 .00336297 .00010450 .97 19 .615 0.112436
10.25000000 .08333333 190.29125000 1.54708327 .00308244 .00009960 .97 18 .563 0.102553
10.41666666 .08333333 193.38541654 1.54708327 .00298931 .00009815 .97 18 .547 0.0971728
10.58333333 .08333333 196.47958327 1.54708327 .00315001 .00010192 .96 18 .572 0.100086
10.75000000 .08333333 199.57375000 1.54708327 .00323814 .00010306 .96 19 .586 0.101127
10.91666666 .08333333 202.66791654 1.54708327 .00320764 .00010347 .96 18 .581 0.097409
11.08333333 .08333333 205.76208327 1.54708327 .00308642 .00010324 .94 17 .554 0.0910633
11.25000000 .08333333 208.85625000 1.54708327 .00268248 .00009715 .92 15 .479 0.0782063
11.41666666 .08333333 211.95041654 1.54708327 .00302572 .00010419 .92 17 .540 0.0854936
11.58333333 .08333333 215.04458327 1.54708327 .00306405 .00010605 .90 17 .544 0.0846464
11.75000000 .08333333 218.13875000 1.54708327 .00284282 .00010384 .90 15 .499 0.0749843
11.91666666 .08333333 221.23291654 1.54708327 .00281872 .00010426 .89 15 .495 0.0731084
12.08333333 .08333333 224.32708327 1.54708327 .00271666 .00010170 .89 15 .477 0.0703978
12.25000000 .08333333 227.42125000 1.54708327 .00267281 .00010065 .89 15 .473 0.0686824
12.41666666 .08333333 230.51541654 1.54708327 .00252889 .00009800 .90 14 .447 0.0633629
12.58333333 .08333333 233.60958327 1.54708327 .00246049 .00009606 .91 14 .433 0.0606814
12.75000000 .08333333 236.70375000 1.54708327 .00243688 .00009709 .89 13 .427 0.0588481
12.91666666 .08333333 239.79791654 1.54708327 .00203197 .00009126 .90 11 .356 0.0452024
13.08333333 .08333333 242.89208327 1.54708327 .00226640 .00009842 .91 12 .399 0.0474056
13.25000000 .08333333 245.98625000 1.54708327 .00214725 .00009824 .91 11 .376 0.0420599
13.41666666 .08333333 249.08041654 1.54708327 .00232530 .00010392 .91 12 .409 0.043429
13.58333333 .08333333 252.17458327 1.54708327 .00222638 .00010554 .91 11 .391 0.038222
13.75000000 .08333333 255.26875000 1.54708327 .00256407 .00011726 .91 12 .449 0.0405751
13.91666666 .08333333 258.36291654 1.54708327 .00244037 .00011699 .89 11 .427 0.0373512
14.08333333 .08333333 261.45708327 1.54708327 .00226382 .00011420 .83 10 .397 0.0356955
14.25000000 .08333333 264.55125000 1.54708327 .00199065 .00011083 .74 9 .352 0.032388
14.41666666 .08333333 267.64541654 1.54708327 .00243136 .00012802 .64 10 .433 0.0413359
14.58333333 .08333333 270.73958327 1.54708327 .00175529 .00011428 .57 7 .311 0.030158
14.75000000 .08333333 273.83375000 1.54708327 .00155895 .00011007 .54 6 .275 0.0266702
14.91666666 .08333333 276.92791654 1.54708327 .00215053 .00013213 .45 8 .382 0.0420286
15.08333333 .08333333 280.02208327 1.54708327 .00174129 .00012177 .37 6 .308 0.0388502
15.25000000 .08333333 283.11625000 1.54708327 .00177751 .00012777 .34 6 .314 0.0394963
15.41666666 .08333333 286.21041654 1.54708327 .00134984 .00011597 .32 5 .238 0.0290741
15.58333333 .08333333 289.30458327 1.54708327 .00234015 .00015697 .31 8 .410 0.0488546
15.75000000 .08333333 292.39875000 1.54708327 .00169550 .00013489 .30 6 .297 0.0355849
15.95000000 .11666666 296.11175000 2.16591654 .00118850 .00009646 .29 5 .207 0.0248187
16.16666666 .10000000 300.13416654 1.85650000 .00139620 .00011479 .29 5 .242 0.0279551
16.36666666 .10000000 303.84716654 1.85650000 .00139790 .00012132 .29 5 .244 0.0247102
16.56666666 .10000000 307.56016654 1.85650000 .00157575 .00013133 .28 5 .276 0.0274076
16.75000000 .08333333 310.96375000 1.54708327 .00156267 .00014336 .28 5 .274 0.0269996
16.91666666 .08333333 314.05791654 1.54708327 .00192732 .00016129 .26 6 .338 0.034377
17.10000000 .10000000 317.46150000 1.85650000 .00157780 .00013604 .25 5 .278 0.0278149
17.40000000 .20000000 323.03100000 3.71300000 .00107259 .00008183 .24 5 .190 0.0181756
17.71666666 .11666666 328.90991654 2.16591654 .00152032 .00012763 .24 5 .268 0.025337
18.11666666 .28333333 336.33591654 5.26008327 .00086599 .00006024 .25 5 .150 0.0142389
19.10000000 .70000000 354.59150000 12.99550000 .00057174 .00003370 .22 5 .096 0.00865043
