 -1.40140054 -2.7308281
 -1.32221929 -2.76807458
 -1.25527251 -2.79898301
 -1.19728056 -2.82521759
 -1.14612804 -2.84786563
 -1.10037055 -2.867681
 -1.05897786 -2.88521057
 -1.0211893 -2.90086539
 -0.986427193 -2.91496317
 -0.954242509 -2.92775513
 -0.924279286 -2.93944354
 -0.896250562 -2.95019382
 -0.869921624 -2.96014296
 -0.84509804 -2.9694056
 -0.821616944 -2.97807866
 -0.799340549 -2.98624466
 -0.77815125 -2.9939744
 -0.757947864 -3.001329
 -0.738642709 -3.00836148
 -0.720159303 -3.01511807
 -0.702430536 -3.02163921
 -0.685397197 -3.02796039
 -0.669006781 -3.0341128
 -0.653212514 -3.04012391
 -0.637972547 -3.04601791
 -0.62324929 -3.05181607
 -0.609008851 -3.05753711
 -0.595220567 -3.06319739
 -0.581856605 -3.06881118
 -0.568891628 -3.07439089
 -0.556302501 -3.07994717
 -0.544068044 -3.08548912
 -0.532168821 -3.09102442
 -0.520586949 -3.09655944
 -0.509305938 -3.10209936
 -0.498310554 -3.10764832
 -0.487586688 -3.11320946
 -0.477121255 -3.11878506
 -0.46690209 -3.12437662
 -0.456917869 -3.12998496
 -0.447158031 -3.13561029
 -0.437612713 -3.14125227
 -0.428272687 -3.14691012
 -0.419129308 -3.15258267
 -0.410174465 -3.15826842
 -0.401400541 -3.16396562
 -0.392800369 -3.16967227
 -0.384367201 -3.17538625
 -0.376094676 -3.18110529
 -0.367976785 -3.18682705
 -0.360007856 -3.19254914
 -0.352182518 -3.19826915
 -0.344495689 -3.2039847
 -0.336942552 -3.20969341
 -0.329518533 -3.21539298
 -0.322219295 -3.22108116
 -0.31504071 -3.22675579
 -0.307978856 -3.2324148
 -0.301029996 -3.23805619
 -0.294190571 -3.24367811
 -0.287457188 -3.24927878
 -0.28082661 -3.25485655
 -0.274295742 -3.26040986
 -0.267861632 -3.26593727
 -0.261521454 -3.27143746
 -0.255272505 -3.27690919
 -0.249112196 -3.28235135
 -0.243038049 -3.28776291
 -0.237047685 -3.29314295
 -0.231138825 -3.29849062
 -0.225309282 -3.30380519
 -0.219556953 -3.30908599
 -0.21387982 -3.31433243
 -0.208275942 -3.31954402
 -0.202743454 -3.3247203
 -0.197280558 -3.32986092
 -0.191885526 -3.33496555
 -0.186556693 -3.34003395
 -0.181292453 -3.34506592
 -0.176091259 -3.35006132
 -0.170951619 -3.35502004
 -0.165872094 -3.35994202
 -0.160851292 -3.36482726
 -0.155887873 -3.36967577
 -0.150980538 -3.3744876
 -0.146128036 -3.37926284
 -0.141329153 -3.3840016
 -0.136582718 -3.38870402
 -0.131887597 -3.39337027
 -0.127242692 -3.39800054
 -0.12264694 -3.40259501
 -0.118099312 -3.40715393
 -0.113598811 -3.41167752
 -0.109144469 -3.41616604
 -0.104735351 -3.42061975
 -0.100370545 -3.42503894
 -0.0960491713 -3.42942388
 -0.0917703734 -3.43377488
 -0.0875333204 -3.43809223
 -0.0833372058 -3.44237626
 -0.079181246 -3.44662726
 -0.0750646799 -3.45084557
 -0.0709867674 -3.45503151
 -0.0669467896 -3.45918541
 -0.0629440472 -3.4633076
 -0.05897786 -3.4673984
 -0.0550475663 -3.47145816
 -0.0511525224 -3.47548722
 -0.0472921016 -3.4794859
 -0.0434656938 -3.48345454
 -0.0396727048 -3.48739348
 -0.0359125559 -3.49130305
 -0.0321846834 -3.49518358
 -0.0284885378 -3.49903541
 -0.0248235837 -3.50285887
 -0.0211892991 -3.50665428
 -0.0175851748 -3.51042197
 -0.0140107144 -3.51416227
 -0.0104654337 -3.51787549
 -0.00694885996 -3.52156196
 -0.00346053211 -3.52522198
  0. -3.52885587
  0.00343317584 -3.53246395
  0.00683942453 -3.53604651
  0.0102191652 -3.53960386
  0.0135728072 -3.5431363
  0.0169007505 -3.54664413
  0.0202033861 -3.55012764
  0.0234810958 -3.55358711
  0.0267342532 -3.55702284
  0.0299632234 -3.5604351
  0.0331683633 -3.56382418
  0.036350022 -3.56719034
  0.0395085413 -3.57053387
  0.0426442551 -3.57385503
  0.0457574906 -3.57715408
  0.0488485675 -3.58043129
  0.0519177993 -3.5836869
  0.0549654923 -3.58692119
  0.057991947 -3.59013439
  0.0609974571 -3.59332675
  0.0639823107 -3.59649852
  0.0669467896 -3.59964993
  0.0698911703 -3.60278123
  0.0728157233 -3.60589264
  0.0757207139 -3.6089844
  0.0786064022 -3.61205673
  0.0814730428 -3.61510986
  0.0843208857 -3.618144
  0.0871501757 -3.62115937
  0.0899611531 -3.62415619
  0.0927540532 -3.62713467
  0.0955291073 -3.63009501
  0.0982865418 -3.63303741
  0.101026579 -3.63596209
  0.103749438 -3.63886923
  0.106455331 -3.64175904
  0.109144469 -3.64463171
  0.111817059 -3.64748742
  0.114473303 -3.65032636
  0.117113399 -3.65314872
  0.119737543 -3.65595468
  0.122345926 -3.65874442
  0.124938737 -3.66151811
  0.127516159 -3.66427594
  0.130078376 -3.66701806
  0.132625565 -3.66974465
  0.135157902 -3.67245587
  0.137675558 -3.67515189
  0.140178703 -3.67783287
  0.142667504 -3.68049898
  0.145142123 -3.68315035
  0.147602721 -3.68578716
  0.150049457 -3.68840955
  0.152482486 -3.69101767
  0.15490196 -3.69361168
  0.15730803 -3.69619171
  0.159700843 -3.69875791
  0.162080545 -3.70131042
  0.164447278 -3.70384938
  0.166801183 -3.70637494
  0.169142399 -3.70888721
  0.171471061 -3.71138635
  0.173787304 -3.71387248
  0.176091259 -3.71634573
  0.178383056 -3.71880623
  0.180662822 -3.7212541
  0.182930684 -3.72368947
  0.185186764 -3.72611247
  0.187431185 -3.72852321
  0.189664066 -3.73092182
  0.191885526 -3.73330841
  0.194095681 -3.73568309
  0.196294645 -3.73804599
  0.198482531 -3.74039721
  0.200659451 -3.74273687
  0.202825512 -3.74506508
  0.204980824 -3.74738195
  0.207125493 -3.74968758
  0.209259622 -3.75198207
  0.211383316 -3.75426554
  0.213496675 -3.75653809
  0.2155998 -3.75879981
  0.21769279 -3.76105082
  0.219775741 -3.76329119
  0.22184875 -3.76552104
  0.22391191 -3.76774046
  0.225965316 -3.76994955
  0.228009058 -3.77214839
  0.230043228 -3.77433709
  0.232067915 -3.77651573
  0.234083206 -3.7786844
  0.236089189 -3.78084319
  0.238085948 -3.78299219
  0.24007357 -3.78513149
  0.242052136 -3.78726116
  0.244021729 -3.78938131
  0.245982429 -3.791492
  0.247934318 -3.79359332
  0.249877473 -3.79568536
  0.251811973 -3.79776819
  0.253737894 -3.79984189
  0.255655312 -3.80190654
  0.257564302 -3.80396222
  0.259464937 -3.80600901
  0.261357291 -3.80804697
  0.263241435 -3.81007619
  0.26511744 -3.81209673
  0.266985376 -3.81410868
  0.268845312 -3.81611209
  0.270697317 -3.81810705
  0.272541458 -3.82009363
  0.274377801 -3.82207188
  0.276206412 -3.82404189
  0.278027356 -3.82600371
  0.279840697 -3.82795742
  0.281646497 -3.82990308
  0.283444821 -3.83184075
  0.285235728 -3.8337705
  0.287019281 -3.8356924
  0.288795539 -3.83760651
  0.290564562 -3.83951288
  0.292326408 -3.84141158
  0.294081136 -3.84330268
  0.295828802 -3.84518622
  0.297569464 -3.84706228
