 -1.32428246 -2.47650606
 -1.24510121 -2.50191761
 -1.17815442 -2.52065263
 -1.12016247 -2.53541393
 -1.06900995 -2.54776697
 -1.02325246 -2.55877206
 -0.981859774 -2.56925964
 -0.944071214 -2.57996708
 -0.909309107 -2.59161375
 -0.877124424 -2.60494483
 -0.847161201 -2.62075524
 -0.819132477 -2.63989554
 -0.792803538 -2.66325249
 -0.767979955 -2.69168444
 -0.744498859 -2.72586972
 -0.722222464 -2.76599332
 -0.701033165 -2.81117339
 -0.680829779 -2.85863006
 -0.661524624 -2.90313272
 -0.643041218 -2.93829209
 -0.625312451 -2.96070075
 -0.608279112 -2.97314581
 -0.591888695 -2.98156382
 -0.576094428 -2.98927179
 -0.560854462 -2.99670326
 -0.546131205 -3.0038788
 -0.531890766 -3.01081559
 -0.518102481 -3.01752909
 -0.50473852 -3.02403332
 -0.491773543 -3.030341
 -0.479184415 -3.03646373
 -0.466949959 -3.04241209
 -0.455050736 -3.04819579
 -0.443468863 -3.05382374
 -0.432187853 -3.05930415
 -0.421192468 -3.06464459
 -0.410468603 -3.06985205
 -0.400003169 -3.07493302
 -0.389784004 -3.07989353
 -0.379799783 -3.08473918
 -0.370039946 -3.08947517
 -0.360494628 -3.0941064
 -0.351154602 -3.09863743
 -0.342011222 -3.10307256
 -0.33305638 -3.10741589
 -0.324282455 -3.11167141
 -0.315682284 -3.1158432
 -0.307249116 -3.11993582
 -0.29897659 -3.12395511
 -0.2908587 -3.12790995
 -0.28288977 -3.13181567
 -0.275064433 -3.13570105
 -0.267377604 -3.13962117
 -0.259824466 -3.14367907
 -0.252400448 -3.14805346
 -0.245101209 -3.15301018
 -0.237922625 -3.15884526
 -0.23086077 -3.16573359
 -0.22391191 -3.17360041
 -0.217072486 -3.18217331
 -0.210339103 -3.19114765
 -0.203708524 -3.20029321
 -0.197177657 -3.20946846
 -0.190743547 -3.21859583
 -0.184403369 -3.2276358
 -0.17815442 -3.2365695
 -0.171994111 -3.24538886
 -0.165919963 -3.25409134
 -0.1599296 -3.26267715
 -0.15402074 -3.27114791
 -0.148191196 -3.27950587
 -0.142438867 -3.28775359
 -0.136761734 -3.2958937
 -0.131157857 -3.30392885
 -0.125625368 -3.31186166
 -0.120162473 -3.31969466
 -0.114767441 -3.32743032
 -0.109438607 -3.335071
 -0.104174367 -3.34261902
 -0.0989731736 -3.35007658
 -0.0938335339 -3.35744584
 -0.0887540084 -3.36472885
 -0.083733207 -3.37192761
 -0.0787697875 -3.37904405
 -0.073862453 -3.38608003
 -0.0690099502 -3.39303734
 -0.0642110673 -3.39991774
 -0.0594646323 -3.4067229
 -0.0547695111 -3.41345445
 -0.050124606 -3.42011396
 -0.0455288543 -3.42670296
 -0.0409812266 -3.43322294
 -0.0364807254 -3.43967531
 -0.0320263839 -3.44606148
 -0.027617265 -3.45238278
 -0.0232524596 -3.45864051
 -0.0189310859 -3.46483596
 -0.0146522879 -3.47097033
 -0.0104152349 -3.47704483
 -0.00621912033 -3.48306061
 -0.00206316056 -3.4890188
  0.00205340563 -3.49492049
  0.00613131805 -3.50076675
  0.0101712959 -3.50655859
  0.0141740383 -3.51229704
  0.0181402255 -3.51798305
  0.0220705192 -3.52361759
  0.025965563 -3.52920158
  0.0298259838 -3.53473591
  0.0336523917 -3.54022147
  0.0374453807 -3.5456591
  0.0412055296 -3.55104963
  0.0449334021 -3.55639387
  0.0486295477 -3.56169262
  0.0522945018 -3.56694664
  0.0559287864 -3.57215667
  0.0595329107 -3.57732345
  0.063107371 -3.5824477
  0.0666526518 -3.5875301
  0.0701692255 -3.59257134
  0.0736575534 -3.59757207
  0.0771180855 -3.60253294
  0.0805512613 -3.60745459
  0.08395751 -3.61233762
  0.0873372507 -3.61718264
  0.0906908927 -3.62199024
  0.094018836 -3.62676098
  0.0973214716 -3.63149544
  0.100599181 -3.63619416
  0.103852339 -3.64085767
  0.107081309 -3.6454865
  0.110286449 -3.65008116
  0.113468108 -3.65464215
  0.116626627 -3.65916996
  0.119762341 -3.66366507
  0.122875576 -3.66812795
  0.125966653 -3.67255905
  0.129035885 -3.67695884
  0.132083578 -3.68132774
  0.135110032 -3.68566619
  0.138115543 -3.68997461
  0.141100396 -3.69425341
  0.144064875 -3.698503
  0.147009256 -3.70272377
  0.149933809 -3.70691611
  0.152838799 -3.71108041
  0.155724488 -3.71521703
  0.158591128 -3.71932633
  0.161438971 -3.72340869
  0.164268261 -3.72746445
  0.167079239 -3.73149395
  0.169872139 -3.73549753
  0.172647193 -3.73947552
  0.175404627 -3.74342825
  0.178144665 -3.74735604
  0.180867523 -3.7512592
  0.183573416 -3.75513804
  0.186262555 -3.75899285
  0.188935145 -3.76282394
  0.191591388 -3.76663159
  0.194231485 -3.7704161
  0.196855628 -3.77417773
  0.199464012 -3.77791676
  0.202056822 -3.78163347
  0.204634245 -3.78532811
  0.207196462 -3.78900096
  0.209743651 -3.79265226
  0.212275987 -3.79628227
  0.214793643 -3.79989122
  0.217296789 -3.80347938
  0.219785589 -3.80704697
  0.222260208 -3.81059423
  0.224720807 -3.81412139
  0.227167543 -3.81762867
  0.229600571 -3.8211163
  0.232020045 -3.8245845
  0.234426115 -3.82803348
  0.236818928 -3.83146346
  0.23919863 -3.83487464
  0.241565363 -3.83826722
  0.243919269 -3.84164142
  0.246260485 -3.84499743
  0.248589147 -3.84833543
  0.25090539 -3.85165563
  0.253209345 -3.85495822
  0.255501141 -3.85824338
