 -1.42160393 -2.59632186
 -1.34242268 -2.59411242
 -1.27547589 -2.59236615
 -1.21748394 -2.59160185
 -1.16633142 -2.59231814
 -1.12057393 -2.59495893
 -1.07918125 -2.59989625
 -1.04139269 -2.6074233
 -1.00663058 -2.61775017
 -0.974445896 -2.63099531
 -0.944482672 -2.64716759
 -0.916453949 -2.66613506
 -0.89012501 -2.68758
 -0.865301426 -2.71094548
 -0.84182033 -2.73539047
 -0.819543936 -2.7597886
 -0.798354636 -2.7828215
 -0.77815125 -2.80320664
 -0.758846095 -2.82003245
 -0.740362689 -2.83306376
 -0.722633923 -2.84282789
 -0.705600583 -2.85039169
 -0.689210167 -2.85693301
 -0.6734159 -2.86332932
 -0.658175933 -2.8699718
 -0.643452676 -2.87690023
 -0.629212237 -2.88406746
 -0.615423953 -2.8914295
 -0.602059991 -2.89894845
 -0.589095014 -2.90659164
 -0.576505887 -2.91433084
 -0.56427143 -2.92214172
 -0.552372207 -2.93000326
 -0.540790335 -2.93789732
 -0.529509324 -2.94580826
 -0.51851394 -2.95372258
 -0.507790074 -2.96162866
 -0.497324641 -2.96951651
 -0.487105476 -2.97737752
 -0.477121255 -2.98520434
 -0.467361417 -2.99299068
 -0.4578161 -3.00073118
 -0.448476073 -3.00842128
 -0.439332694 -3.01605716
 -0.430377851 -3.02363557
 -0.421603927 -3.03115386
 -0.413003755 -3.0386098
 -0.404570588 -3.04600161
 -0.396298062 -3.05332785
 -0.388180171 -3.0605874
 -0.380211242 -3.06777942
 -0.372385904 -3.07490331
 -0.364699076 -3.08195868
 -0.357145938 -3.08894531
 -0.34972192 -3.09586315
 -0.342422681 -3.1027123
 -0.335244096 -3.10949296
 -0.328182242 -3.11620544
 -0.321233382 -3.12285015
 -0.314393957 -3.12942756
 -0.307660575 -3.13593822
 -0.301029996 -3.14238273
 -0.294499129 -3.14876175
 -0.288065018 -3.15507595
 -0.28172484 -3.16132608
 -0.275475891 -3.16751287
 -0.269315582 -3.17363711
 -0.263241435 -3.17969959
 -0.257251071 -3.18570111
 -0.251342211 -3.19164249
 -0.245512668 -3.19752456
 -0.239760339 -3.20334815
 -0.234083206 -3.2091141
 -0.228479329 -3.21482324
 -0.22294684 -3.2204764
 -0.217483944 -3.22607443
 -0.212088912 -3.23161815
 -0.206760079 -3.23710841
 -0.201495839 -3.24254604
 -0.196294645 -3.24793189
 -0.191155005 -3.25326681
 -0.18607548 -3.25855167
 -0.181054679 -3.26378736
 -0.176091259 -3.26897484
 -0.171183925 -3.2741151
 -0.166331422 -3.27920925
 -0.161532539 -3.28425852
 -0.156786104 -3.28926436
 -0.152090983 -3.29422846
 -0.147446078 -3.29915291
 -0.142850326 -3.30404033
 -0.138302698 -3.30889406
 -0.133802197 -3.3137184
 -0.129347856 -3.31851899
 -0.124938737 -3.32330317
 -0.120573931 -3.32808054
 -0.116252557 -3.33286357
 -0.111973759 -3.33766824
 -0.107736707 -3.3425147
 -0.103540592 -3.34742774
 -0.0993846321 -3.35243682
 -0.0952680659 -3.35757541
 -0.0911901535 -3.36287926
 -0.0871501757 -3.36838347
 -0.0831474333 -3.37411844
 -0.079181246 -3.38010556
 -0.0752509524 -3.38635366
 -0.0713559085 -3.39285732
 -0.0674954877 -3.39959774
 -0.0636690799 -3.40654583
 -0.0598760909 -3.41366638
 -0.056115942 -3.42092235
 -0.0523880695 -3.42827827
 -0.0486919239 -3.43570234
 -0.0450269698 -3.44316749
 -0.0413926852 -3.45065153
 -0.0377885609 -3.45813681
 -0.0342141005 -3.4656096
 -0.0306688198 -3.47305943
 -0.027152246 -3.48047844
 -0.0236639182 -3.48786081
 -0.0202033861 -3.49520235
 -0.0167702102 -3.50250002
 -0.0133639616 -3.50975176
 -0.00998422091 -3.51695617
 -0.0066305789 -3.52411236
 -0.00330263555 -3.53121986
  0. -3.53827848
  0.00327770976 -3.54528822
  0.00653086716 -3.55224926
  0.00975983729 -3.5591619
  0.0129649772 -3.56602652
  0.016146636 -3.57284355
  0.0193051552 -3.57961347
  0.022440869 -3.58633679
  0.0255541045 -3.59301404
  0.0286451814 -3.59964577
  0.0317144132 -3.60623252
  0.0347621063 -3.61277484
  0.0377885609 -3.61927329
  0.040794071 -3.62572842
  0.0437789246 -3.63214076
  0.0467434035 -3.63851085
  0.0496877842 -3.64483924
  0.0526123372 -3.65112643
  0.0555173278 -3.65737295
  0.0584030161 -3.66357931
  0.0612696567 -3.669746
  0.0641174996 -3.67587351
  0.0669467896 -3.68196234
  0.069757767 -3.68801296
  0.0725506671 -3.69402582
  0.0753257212 -3.70000141
  0.0780831557 -3.70594015
  0.0808231931 -3.71184251
  0.0835460515 -3.71770891
  0.0862519448 -3.72353978
  0.0889410833 -3.72933554
  0.0916136732 -3.73509661
  0.0942699168 -3.7408234
  0.096910013 -3.7465163
  0.0995341568 -3.75217571
  0.10214254 -3.75780201
  0.104735351 -3.76339558
  0.107312773 -3.7689568
  0.10987499 -3.77448603
  0.112422179 -3.77998364
  0.114954516 -3.78544998
  0.117472172 -3.79088539
  0.119975317 -3.79629023
  0.122464117 -3.80166482
  0.124938737 -3.80700951
  0.127399335 -3.81232462
  0.129846071 -3.81761047
  0.1322791 -3.82286737
  0.134698574 -3.82809565
  0.137104644 -3.83329559
  0.139497457 -3.83846752
  0.141877159 -3.84361172
  0.144243892 -3.84872849
  0.146597797 -3.85381811
  0.148939013 -3.85888087
  0.151267675 -3.86391705
  0.153583918 -3.86892691
  0.155887873 -3.87391074
  0.15817967 -3.8788688
  0.160459436 -3.88380135
  0.162727297 -3.88870865
  0.164983378 -3.89359095
  0.167227799 -3.8984485
  0.16946068 -3.90328156
  0.17168214 -3.90809036
  0.173892295 -3.91287515
  0.176091259 -3.91763616
  0.178279145 -3.92237362
  0.180456064 -3.92708777
  0.182622126 -3.93177883
  0.184777438 -3.93644702
  0.186922107 -3.94109256
  0.189056236 -3.94571568
  0.19117993 -3.95031657
  0.193293289 -3.95489546
  0.195396414 -3.95945256
  0.197489404 -3.96398805
  0.199572355 -3.96850216
  0.201645364 -3.97299507
  0.203708524 -3.97746699
  0.20576193 -3.98191811
  0.207805672 -3.98634861
  0.209839842 -3.99075869
  0.211864529 -3.99514854
  0.21387982 -3.99951833
  0.215885803 -4.00386824
  0.217882562 -4.00819846
  0.219870184 -4.01250917
  0.22184875 -4.01680053
  0.223818342 -4.02107272
  0.225779043 -4.0253259
  0.227730932 -4.02956025
  0.229674087 -4.03377592
  0.231608587 -4.03797309
  0.233534508 -4.04215191
  0.235451926 -4.04631254
  0.237360916 -4.05045513
  0.239261551 -4.05457985
  0.241153905 -4.05868684
  0.243038049 -4.06277625
  0.244914054 -4.06684824
  0.24678199 -4.07090295
  0.248641926 -4.07494053
  0.250493931 -4.07896111
  0.252338072 -4.08296484
  0.254174415 -4.08695186
  0.256003026 -4.09092231
  0.25782397 -4.09487632
  0.259637311 -4.09881404
  0.261443111 -4.10273558
  0.263241435 -4.10664109
  0.265032342 -4.11053068
  0.266815895 -4.1144045
  0.268592153 -4.11826267
  0.270361176 -4.12210531
  0.272123022 -4.12593255
  0.27387775 -4.12974451
  0.275625416 -4.1335413
  0.277366077 -4.13732306
  0.27909979 -4.14108989
  0.28082661 -4.14484192
  0.28254659 -4.14857925
  0.284259785 -4.15230201
  0.285966249 -4.1560103
  0.287666034 -4.15970424
  0.289359192 -4.16338394
  0.291045775 -4.1670495
  0.292725833 -4.17070104
  0.294399417 -4.17433865
  0.296066576 -4.17796246
  0.29772736 -4.18157254
  0.299381817 -4.18516903
  0.301029996 -4.188752
  0.302671943 -4.19232157
  0.304307705 -4.19587783
  0.30593733 -4.19942088
  0.307560863 -4.20295082
  0.309178349 -4.20646775
  0.310789833 -4.20997176
  0.31239536 -4.21346294
  0.313994973 -4.21694139
  0.315588716 -4.22040719
  0.317176632 -4.22386045
  0.318758763 -4.22730125
  0.320335151 -4.23072968
  0.321905838 -4.23414582
  0.323470865 -4.23754978
  0.325030272 -4.24094162
  0.3265841 -4.24432144
  0.328132389 -4.24768932
  0.329675177 -4.25104535
  0.331212504 -4.2543896
  0.332744409 -4.25772217
  0.334270929 -4.26104312
  0.335792102 -4.26435255
  0.337307966 -4.26765052
  0.338818557 -4.27093713
  0.340323912 -4.27421244
  0.341824067 -4.27747654
  0.343319058 -4.2807295
  0.34480892 -4.28397139
  0.346293689 -4.28720229
  0.347773399 -4.29042228
  0.349248085 -4.29363143
  0.35071778 -4.2968298
  0.352182518 -4.30001748
  0.353642333 -4.30319453
  0.355097257 -4.30636102
  0.356547324 -4.30951703
  0.357992564 -4.31266261
  0.359433012 -4.31579785
  0.360868697 -4.3189228
  0.362299652 -4.32203754
  0.363725908 -4.32514213
  0.365147495 -4.32823664
  0.366564444 -4.33132112
  0.367976785 -4.33439566
  0.369384548 -4.3374603
  0.370787763 -4.34051512
