 -1.4345689 -2.6570662
 -1.35538766 -2.69713422
 -1.28844087 -2.7309492
 -1.23044892 -2.7601817
 -1.1792964 -2.7859103
 -1.13353891 -2.80887239
 -1.09214622 -2.82959475
 -1.05435766 -2.84846703
 -1.01959556 -2.86578574
 -0.987410873 -2.88178188
 -0.957447649 -2.89663899
 -0.929418926 -2.91050536
 -0.903089987 -2.92350257
 -0.878266403 -2.93573154
 -0.854785307 -2.94727696
 -0.832508913 -2.95821064
 -0.811319614 -2.96859393
 -0.791116228 -2.97847969
 -0.771811072 -2.98791378
 -0.753327667 -2.99693622
 -0.7355989 -3.00558213
 -0.71856556 -3.01388253
 -0.702175144 -3.02186489
 -0.686380877 -3.02955369
 -0.67114091 -3.03697081
 -0.656417654 -3.04413591
 -0.642177215 -3.05106668
 -0.62838893 -3.05777909
 -0.615024968 -3.06428766
 -0.602059991 -3.07060555
 -0.589470864 -3.07674479
 -0.577236408 -3.08271634
 -0.565337184 -3.08853028
 -0.553755312 -3.09419585
 -0.542474301 -3.09972155
 -0.531478917 -3.10511522
 -0.520755052 -3.11038413
 -0.510289618 -3.11553498
 -0.500070453 -3.12057402
 -0.490086232 -3.12550702
 -0.480326395 -3.13033939
 -0.470781077 -3.13507614
 -0.46144105 -3.13972198
 -0.452297671 -3.1442813
 -0.443342828 -3.14875821
 -0.434568904 -3.15315657
 -0.425968732 -3.15748
 -0.417535565 -3.16173191
 -0.409263039 -3.16591552
 -0.401145149 -3.17003383
 -0.393176219 -3.17408972
 -0.385350881 -3.17808588
 -0.377664053 -3.18202485
 -0.370110915 -3.18590905
 -0.362686897 -3.18974078
 -0.355387658 -3.1935222
 -0.348209073 -3.19725537
 -0.341147219 -3.20094225
 -0.334198359 -3.20458472
 -0.327358934 -3.20818453
 -0.320625552 -3.21174339
 -0.313994973 -3.2152629
 -0.307464106 -3.2187446
 -0.301029996 -3.22218997
 -0.294689818 -3.2256004
 -0.288440868 -3.22897723
 -0.28228056 -3.23232176
 -0.276206412 -3.23563521
 -0.270216048 -3.23891877
 -0.264307189 -3.24217355
 -0.258477645 -3.24540066
 -0.252725316 -3.24860112
 -0.247048183 -3.25177595
 -0.241444306 -3.2549261
 -0.235911817 -3.25805249
 -0.230448921 -3.26115602
 -0.225053889 -3.26423754
 -0.219725056 -3.26729788
 -0.214460816 -3.27033783
 -0.209259622 -3.27335816
 -0.204119983 -3.27635961
 -0.199040457 -3.2793429
 -0.194019656 -3.2823087
 -0.189056236 -3.28525769
 -0.184148902 -3.28819051
 -0.179296399 -3.29110778
 -0.174497516 -3.29401011
 -0.169751081 -3.29689807
 -0.16505596 -3.29977222
 -0.160411055 -3.30263312
 -0.155815303 -3.30548129
 -0.151267675 -3.30831723
 -0.146767174 -3.31114146
 -0.142312833 -3.31395444
 -0.137903714 -3.31675665
 -0.133538908 -3.31954853
 -0.129217535 -3.32233053
 -0.124938737 -3.32510307
 -0.120701684 -3.32786656
 -0.116505569 -3.33062142
 -0.112349609 -3.33336802
 -0.108233043 -3.33610675
 -0.104155131 -3.33883798
 -0.100115153 -3.34156206
 -0.0961124104 -3.34427936
 -0.0921462232 -3.3469902
 -0.0882159296 -3.34969492
 -0.0843208857 -3.35239384
 -0.0804604649 -3.35508727
 -0.076634057 -3.35777553
 -0.072841068 -3.3604589
 -0.0690809191 -3.36313769
 -0.0653530466 -3.36581217
 -0.0616569011 -3.36848261
 -0.057991947 -3.3711493
 -0.0543576623 -3.37381248
 -0.0507535381 -3.37647242
 -0.0471790777 -3.37912937
 -0.0436337969 -3.38178357
 -0.0401172232 -3.38443527
 -0.0366288954 -3.38708468
 -0.0331683633 -3.38973204
 -0.0297351874 -3.39237758
 -0.0263289387 -3.3950215
 -0.0229491981 -3.39766403
 -0.0195955561 -3.40030536
 -0.0162676127 -3.4029457
 -0.0129649772 -3.40558526
 -0.0096872674 -3.40822421
 -0.00643411001 -3.41086276
 -0.00320513988 -3.41350109
  0. -3.41613937
  0.00318165879 -3.41877779
  0.00634017803 -3.42141652
  0.00947589188 -3.42405573
  0.0125891273 -3.42669559
  0.0156802043 -3.42933625
  0.018749436 -3.43197789
  0.0217971291 -3.43462065
  0.0248235837 -3.43726469
  0.0278290939 -3.43991015
  0.0308139474 -3.44255719
  0.0337784264 -3.44520595
  0.036722807 -3.44785657
  0.03964736 -3.45050918
  0.0425523507 -3.45316393
  0.0454380389 -3.45582095
  0.0483046796 -3.45848036
  0.0511525224 -3.4611423
  0.0539818125 -3.46380689
  0.0567927898 -3.46647425
  0.05958569 -3.4691445
  0.062360744 -3.47181776
  0.0651181786 -3.47449415
  0.067858216 -3.47717379
  0.0705810743 -3.47985677
  0.0732869677 -3.48254322
  0.0759761062 -3.48523323
  0.078648696 -3.48792692
  0.0813049397 -3.49062439
  0.0839450358 -3.49332574
  0.0865691797 -3.49603107
  0.0891775628 -3.49874048
  0.0917703734 -3.50145407
  0.0943477962 -3.50417192
  0.096910013 -3.50689413
  0.099457202 -3.5096208
  0.101989539 -3.51235201
  0.104507195 -3.51508785
  0.10701034 -3.51782841
  0.10949914 -3.52057377
  0.111973759 -3.52332402
  0.114434358 -3.52607923
  0.116881094 -3.52883949
  0.119314123 -3.53160487
  0.121733597 -3.53437547
  0.124139666 -3.53715134
  0.12653248 -3.53993256
  0.128912181 -3.54271922
  0.131278915 -3.54551138
  0.13363282 -3.54830911
  0.135974036 -3.55111248
  0.138302698 -3.55392157
  0.140618941 -3.55673644
  0.142922896 -3.55955715
  0.145214693 -3.56238377
  0.147494459 -3.56521637
  0.14976232 -3.56805501
  0.152018401 -3.57089975
  0.154262822 -3.57375065
  0.156495703 -3.57660777
  0.158717163 -3.57947118
  0.160927318 -3.58234092
  0.163126282 -3.58521706
  0.165314168 -3.58809965
  0.167491087 -3.59098875
  0.169657149 -3.59388441
  0.171812461 -3.59678669
  0.17395713 -3.59969563
  0.176091259 -3.60261129
  0.178214953 -3.60553372
  0.180328312 -3.60846297
  0.182431437 -3.61139909
  0.184524427 -3.61434213
  0.186607378 -3.61729212
  0.188680386 -3.62024913
  0.190743547 -3.6232132
  0.192796953 -3.62618436
  0.194840695 -3.62916267
  0.196874865 -3.63214817
  0.198899552 -3.6351409
  0.200914843 -3.63814091
  0.202920825 -3.64114823
  0.204917585 -3.64416291
  0.206905206 -3.64718498
  0.208883772 -3.65021448
  0.210853365 -3.65325146
  0.212814066 -3.65629595
  0.214765955 -3.65934799
  0.21670911 -3.66240762
  0.21864361 -3.66547486
  0.220569531 -3.66854977
  0.222486949 -3.67163236
  0.224395939 -3.67472268
  0.226296574 -3.67782076
  0.228188928 -3.68092663
  0.230073072 -3.68404033
  0.231949077 -3.68716188
  0.233817013 -3.69029132
  0.235676949 -3.69342868
  0.237528954 -3.69657399
  0.239373095 -3.69972728
  0.241209438 -3.70288857
  0.243038049 -3.7060579
  0.244858993 -3.70923529
  0.246672333 -3.71242078
  0.248478134 -3.71561439
  0.250276458 -3.71881614
  0.252067365 -3.72202606
  0.253850918 -3.72524418
  0.255627176 -3.72847052
  0.257396199 -3.73170511
  0.259158045 -3.73494797
  0.260912772 -3.73819912
  0.262660439 -3.74145859
  0.2644011 -3.74472641
  0.266134813 -3.74800258
  0.267861632 -3.75128714
  0.269581613 -3.75458011
  0.271294808 -3.75788151
  0.273001272 -3.76119135
  0.274701057 -3.76450966
  0.276394215 -3.76783646
  0.278080798 -3.77117177
  0.279760856 -3.77451561
  0.28143444 -3.77786799
  0.283101599 -3.78122893
  0.284762383 -3.78459845
  0.28641684 -3.78797658
  0.288065018 -3.79136332
  0.289706966 -3.79475869
  0.291342728 -3.79816271
  0.292972353 -3.8015754
  0.294595886 -3.80499676
  0.296213372 -3.80842682
  0.297824856 -3.81186559
  0.299430383 -3.81531309
  0.301029996 -3.81876933
  0.302623739 -3.82223432
  0.304211654 -3.82570807
  0.305793785 -3.82919061
  0.307370174 -3.83268193
  0.308940861 -3.83618207
  0.310505888 -3.83969101
  0.312065295 -3.84320879
  0.313619123 -3.84673541
  0.315167412 -3.85027088
  0.3167102 -3.85381521
  0.318247527 -3.85736842
  0.319779432 -3.86093051
  0.321305952 -3.86450149
  0.322827125 -3.86808137
  0.324342988 -3.87167017
  0.325853579 -3.87526789
  0.327358934 -3.87887454
  0.32885909 -3.88249013
  0.330354081 -3.88611466
  0.331843943 -3.88974815
  0.333328712 -3.8933906
  0.334808422 -3.89704203
  0.336283108 -3.90070243
  0.337752803 -3.90437181
  0.339217541 -3.90805018
  0.340677356 -3.91173755
  0.34213228 -3.91543393
  0.343582346 -3.91913931
  0.345027587 -3.92285371
  0.346468035 -3.92657712
  0.34790372 -3.93030956
  0.349334675 -3.93405103
  0.350760931 -3.93780154
  0.352182518 -3.94156108
  0.353599467 -3.94532966
  0.355011808 -3.94910729
  0.356419571 -3.95289397
  0.357822785 -3.9566897
  0.359221481 -3.96049449
  0.360615686 -3.96430834
  0.362005429 -3.96813125
  0.36339074 -3.97196322
  0.364771645 -3.97580426
  0.366148174 -3.97965436
  0.367520354 -3.98351354
  0.368888212 -3.98738179
  0.370251775 -3.9912591
  0.37161107 -3.9951455
  0.372966124 -3.99904096
  0.374316963 -4.0029455
  0.375663614 -4.00685912
  0.377006102 -4.01078181
  0.378344453 -4.01471358
  0.379678692 -4.01865442
  0.381008844 -4.02260434
  0.382334935 -4.02656334
  0.38365699 -4.0305314
  0.384975032 -4.03450854
  0.386289085 -4.03849475
  0.387599175 -4.04249003
  0.388905325 -4.04649438
  0.390207558 -4.0505078
  0.391505899 -4.05453028
  0.392800369 -4.05856182
  0.394090993 -4.06260243
  0.395377792 -4.06665209
  0.39666079 -4.07071081
  0.397940009 -4.07477858
  0.399215471 -4.0788554
  0.400487198 -4.08294126
  0.401755212 -4.08703617
  0.403019534 -4.09114012
  0.404280187 -4.0952531
