 -1.30535137 -2.14096217
 -1.22617012 -2.15728623
 -1.15922333 -2.17826415
 -1.10123139 -2.20342415
 -1.05007886 -2.23102598
 -1.00432137 -2.25945152
 -0.962928689 -2.28779727
 -0.925140128 -2.31557322
 -0.890378021 -2.34252329
 -0.858193338 -2.36852564
 -0.828230115 -2.39353595
 -0.800201391 -2.4175545
 -0.773872452 -2.44060676
 -0.749048869 -2.4627318
 -0.725567773 -2.48397538
 -0.703291378 -2.50438578
 -0.682102079 -2.5240113
 -0.661898693 -2.54289887
 -0.642593538 -2.56109327
 -0.624110132 -2.57863669
 -0.606381365 -2.59556861
 -0.589348026 -2.61192581
 -0.57295761 -2.62774241
 -0.557163342 -2.64305006
 -0.541923376 -2.65787805
 -0.527200119 -2.67225349
 -0.51295968 -2.68620148
 -0.499171395 -2.69974527
 -0.485807434 -2.7129064
 -0.472842457 -2.72570486
 -0.460253329 -2.73815922
 -0.448018873 -2.75028671
 -0.43611965 -2.76210339
 -0.424537777 -2.77362423
 -0.413256767 -2.78486315
 -0.402261382 -2.7958332
 -0.391537517 -2.80654654
 -0.381072083 -2.81701457
 -0.370852918 -2.82724798
 -0.360868697 -2.83725677
 -0.35110886 -2.84705037
 -0.341563542 -2.85663762
 -0.332223516 -2.86602683
 -0.323080136 -2.87522587
 -0.314125294 -2.88424212
 -0.305351369 -2.89308257
 -0.296751198 -2.90175382
 -0.28831803 -2.91026211
 -0.280045504 -2.91861335
 -0.271927614 -2.92681314
 -0.263958684 -2.93486679
 -0.256133347 -2.94277935
 -0.248446518 -2.9505556
 -0.24089338 -2.95820009
 -0.233469362 -2.96571715
 -0.226170123 -2.97311092
 -0.218991539 -2.98038532
 -0.211929684 -2.98754409
 -0.204980824 -2.99459082
 -0.1981414 -3.00152891
 -0.191408017 -3.00836164
 -0.184777438 -3.01509211
 -0.178246571 -3.02172332
 -0.171812461 -3.02825812
 -0.165472283 -3.03469925
 -0.159223334 -3.04104934
 -0.153063025 -3.04731088
 -0.146988877 -3.05348631
 -0.140998514 -3.05957794
 -0.135089654 -3.06558799
 -0.12926011 -3.0715186
 -0.123507782 -3.07737183
 -0.117830649 -3.08314965
 -0.112226771 -3.08885398
 -0.106694282 -3.09448664
 -0.101231387 -3.1000494
 -0.0958363549 -3.10554396
 -0.0905075214 -3.11097196
 -0.0852432814 -3.11633499
 -0.0800420877 -3.12163457
 -0.0749024481 -3.12687218
 -0.0698229225 -3.13204925
 -0.0648021212 -3.13716713
 -0.0598387016 -3.14222718
 -0.0549313671 -3.14723067
 -0.0500788643 -3.15217885
 -0.0452799815 -3.15707291
 -0.0405335464 -3.16191403
 -0.0358384252 -3.16670333
 -0.0311935202 -3.1714419
 -0.0265977685 -3.17613081
 -0.0220501407 -3.18077107
 -0.0175496395 -3.18536369
 -0.0130952981 -3.18990962
 -0.00868617919 -3.1944098
 -0.00432137378 -3.19886514
  0. -3.20327653
  0.00427879798 -3.2076448
  0.00851585092 -3.2119708
  0.0127119655 -3.21625534
  0.0168679253 -3.22049919
  0.0209844915 -3.22470312
  0.0250624039 -3.22886788
  0.0291023817 -3.23299417
  0.0331051242 -3.23708271
  0.0370713114 -3.24113417
  0.041001605 -3.24514923
  0.0448966489 -3.24912852
  0.0487570697 -3.25307267
  0.0525834776 -3.2569823
  0.0563764666 -3.26085801
  0.0601366154 -3.26470037
  0.063864488 -3.26850996
  0.0675606335 -3.27228733
  0.0712255876 -3.27603301
  0.0748598723 -3.27974753
  0.0784639965 -3.28343141
  0.0820384569 -3.28708515
  0.0855837377 -3.29070923
  0.0891003114 -3.29430413
  0.0925886392 -3.29787032
  0.0960491713 -3.30140825
  0.0994823472 -3.30491836
  0.102888596 -3.3084011
  0.106268337 -3.31185688
  0.109621979 -3.31528612
  0.112949922 -3.31868924
  0.116252557 -3.32206662
  0.119530267 -3.32541866
  0.122783425 -3.32874574
  0.126012395 -3.33204825
  0.129217535 -3.33532654
  0.132399193 -3.338581
  0.135557713 -3.34181197
  0.138693426 -3.34501981
  0.141806662 -3.34820488
  0.144897739 -3.35136754
  0.147966971 -3.35450813
  0.151014664 -3.35762701
  0.154041118 -3.36072453
  0.157046628 -3.36380107
  0.160031482 -3.36685699
  0.162995961 -3.36989268
  0.165940342 -3.37290854
  0.168864895 -3.37590499
  0.171769885 -3.37888248
  0.174655574 -3.38184149
  0.177522214 -3.38478254
  0.180370057 -3.3877062
  0.183199347 -3.39061311
  0.186010324 -3.39350397
  0.188803225 -3.39637959
  0.191578279 -3.39924086
  0.194335713 -3.40208883
  0.197075751 -3.40492469
  0.199798609 -3.40774979
  0.202504502 -3.41056573
  0.205193641 -3.41337433
  0.207866231 -3.41617772
  0.210522474 -3.41897835
  0.21316257 -3.42177905
  0.215786714 -3.42458308
  0.218395097 -3.42739417
  0.220987908 -3.43021658
  0.223565331 -3.43305512
  0.226127548 -3.4359152
  0.228674737 -3.43880279
  0.231207073 -3.44172447
  0.233724729 -3.4446873
  0.236227874 -3.44769876
  0.238716675 -3.45076663
  0.241191294 -3.45389871
  0.243651893 -3.45710265
  0.246098629 -3.46038559
  0.248531657 -3.46375391
  0.250951131 -3.46721285
  0.253357201 -3.47076627
  0.255750014 -3.47441638
  0.258129716 -3.47816364
  0.260496449 -3.48200672
  0.262850355 -3.48594255
  0.26519157 -3.48996653
  0.267520233 -3.49407274
  0.269836475 -3.49825428
  0.27214043 -3.50250359
  0.274432227 -3.50681273
  0.276711993 -3.51117371
  0.278979855 -3.51557869
  0.281235935 -3.52002016
  0.283480356 -3.52449111
  0.285713238 -3.52898509
  0.287934698 -3.53349622
  0.290144852 -3.53801928
  0.292343816 -3.54254963
  0.294531703 -3.54708318
  0.296708622 -3.5516164
  0.298874684 -3.55614624
  0.301029996 -3.56067007
  0.303174664 -3.56518565
  0.305308794 -3.56969109
  0.307432487 -3.57418478
  0.309545847 -3.57866539
  0.311648972 -3.58313179
  0.313741961 -3.58758306
  0.315824912 -3.59201844
  0.317897921 -3.59643729
  0.319961082 -3.60083913
  0.322014487 -3.60522355
  0.32405823 -3.60959023
  0.3260924 -3.61393893
  0.328117086 -3.61826947
  0.330132377 -3.62258173
  0.33213836 -3.62687562
  0.33413512 -3.63115109
  0.336122741 -3.63540814
  0.338101307 -3.63964676
  0.3400709 -3.643867
  0.342031601 -3.64806891
  0.343983489 -3.65225256
  0.345926645 -3.65641802
  0.347861144 -3.66056538
  0.349787065 -3.66469476
  0.351704483 -3.66880624
  0.353613473 -3.67289995
  0.355514109 -3.676976
  0.357406462 -3.68103452
  0.359290606 -3.68507562
  0.361166611 -3.68909943
  0.363034547 -3.69310609
  0.364894484 -3.69709572
  0.366746488 -3.70106844
  0.368590629 -3.7050244
  0.370426972 -3.70896371
  0.372255583 -3.71288652
  0.374076527 -3.71679295
  0.375889868 -3.72068312
  0.377695669 -3.72455718
  0.379493992 -3.72841524
  0.3812849 -3.73225743
  0.383068453 -3.73608389
  0.384844711 -3.73989473
  0.386613733 -3.74369007
  0.388375579 -3.74747005
  0.390130307 -3.75123478
  0.391877973 -3.75498439
  0.393618635 -3.75871899
  0.395352348 -3.7624387
  0.397079167 -3.76614364
  0.398799147 -3.76983392
  0.400512343 -3.77350966
  0.402218807 -3.77717098
  0.403918592 -3.78081798
  0.40561175 -3.78445077
  0.407298332 -3.78806947
  0.40897839 -3.79167418
  0.410651974 -3.79526501
  0.412319134 -3.79884207
  0.413979918 -3.80240546
  0.415634375 -3.80595528
  0.417282553 -3.80949165
  0.4189245 -3.81301465
