  -1.6051076902434254       -2.5559605767628533     
  -1.2233699130485736       -2.6267339466827018     
  -1.0233967361413459       -2.6656951820559169     
 -0.88699214137601334       -2.6607745151519526     
 -0.78334514006980283       -2.8065588758271356     
 -0.69972993648881310       -2.8479069276737632     
 -0.62964352283606884       -2.8867373513332670     
 -0.56931166367316766       -2.9234287879660430     
 -0.51634788572965529       -2.9582125624304614     
 -0.46914681004576309       -2.9912478832586364     
 -0.42657656848468312       -3.0226572553371609     
 -0.38780914371578146       -3.0525442246735732     
 -0.35222048778888843       -3.0810025622145609     
 -0.31932855900529916       -3.1081210481659660     
 -0.28875334238164141       -3.1339857701541307     
 -0.26018983121623007       -3.1586813075689721     
 -0.23338956737255703       -3.1822909738418184     
 -0.20814745697158765       -3.2048967636984220     
 -0.18429223146161933       -3.2265790756962525     
 -0.16167939540097920       -3.2474163483392959     
 -0.14018592143634795       -3.2674846796058747     
 -0.11970619746493562       -3.2868574706831688     
 -0.10014888723725529       -3.3056051164542071     
  -8.1434467971086319E-002  -3.3237947536647705     
  -6.3493276999634085E-002  -3.3414900702851775     
  -4.6263946176096332E-002  -3.3587511749112755     
  -2.9692135183585100E-002  -3.3756345222031277     
  -1.3729497780867107E-002  -3.3921928887446793     
   1.6671686002150655E-003  -3.4084753929255256     
   1.6536627596610690E-002  -3.4245275522244252     
   3.0913791945491636E-002  -3.4403913714228089     
   4.4830217257311337E-002  -3.4561054556600626     
   5.8314519099647397E-002  -3.4717051427652335     
   7.1392727255242816E-002  -3.4872226498937486     
   8.4088588179139723E-002  -3.5026872301154159     
   9.6423824486654444E-002  -3.5181253352087229     
  0.10841835859565511       -3.5335607814951215     
  0.12009050630580852       -3.5490149160820841     
  0.13145714503755648       -3.5645067813683036     
  0.14253386061004300       -3.5800532760954198     
  0.15333507576158992       -3.5956693116080993     
  0.16387416307191455       -3.6113679623104105     
  0.17416354450411009       -3.6271606095844362     
  0.18421477942494985       -3.6430570786711343     
  0.19403864266769186       -3.6590657682080119     
  0.20364519395928823       -3.6751937722778156     
  0.21304383983359118       -3.6914469949514035     
  0.22224338898578991       -3.7078302574105932     
  0.23125210188457279       -3.7243473978167700     
  0.24007773534233023       -3.7410013641518596     
  0.24872758264604994       -3.7577943003031087     
