 -1.55145 -2.24233892
 -1.47226875 -2.32089564
 -1.40532196 -2.36744855
 -1.34733002 -2.3972817
 -1.29617749 -2.41890339
 -1.25042 -2.43639649
 -1.20902732 -2.45163523
 -1.17123876 -2.46549219
 -1.13647665 -2.47839689
 -1.10429197 -2.4905812
 -1.07432874 -2.502186
 -1.04630002 -2.51330754
 -1.01997108 -2.52401794
 -0.995147497 -2.53437449
 -0.971666401 -2.54442423
 -0.949390007 -2.55420639
 -0.928200708 -2.56375401
 -0.907997321 -2.57309511
 -0.888692166 -2.58225354
 -0.870208761 -2.5912497
 -0.852479994 -2.60010113
 -0.835446654 -2.6088229
 -0.819056238 -2.61742805
 -0.803261971 -2.62592783
 -0.788022004 -2.63433202
 -0.773298748 -2.64264907
 -0.759058308 -2.65088634
 -0.745270024 -2.65905021
 -0.731906062 -2.66714622
 -0.718941085 -2.67517918
 -0.706351958 -2.68315326
 -0.694117502 -2.69107208
 -0.682218278 -2.69893877
 -0.670636406 -2.70675604
 -0.659355395 -2.71452622
 -0.648360011 -2.72225131
 -0.637636146 -2.72993304
 -0.627170712 -2.73757288
 -0.616951547 -2.74517207
 -0.606967326 -2.7527317
 -0.597207489 -2.76025264
 -0.587662171 -2.76773564
 -0.578322144 -2.77518134
 -0.569178765 -2.78259025
 -0.560223922 -2.78996278
 -0.551449998 -2.79729928
 -0.542849826 -2.80460001
 -0.534416659 -2.81186519
 -0.526144133 -2.81909497
 -0.518026242 -2.82628948
 -0.510057313 -2.83344878
 -0.502231975 -2.84057294
 -0.494545147 -2.84766198
 -0.486992009 -2.85471592
 -0.479567991 -2.86173474
 -0.472268752 -2.86871844
 -0.465090167 -2.87566698
 -0.458028313 -2.88258034
 -0.451079453 -2.8894585
 -0.444240028 -2.89630141
 -0.437506646 -2.90310905
 -0.430876067 -2.90988138
 -0.4243452 -2.9166184
 -0.41791109 -2.92332006
 -0.411570912 -2.92998638
 -0.405321962 -2.93661733
 -0.399161654 -2.94321292
 -0.393087506 -2.94977316
 -0.387097142 -2.95629807
 -0.381188283 -2.96278767
 -0.375358739 -2.969242
 -0.36960641 -2.97566109
 -0.363929277 -2.98204501
 -0.3583254 -2.98839381
 -0.352792911 -2.99470755
 -0.347330015 -3.00098632
 -0.341934983 -3.0072302
 -0.33660615 -3.01343929
 -0.33134191 -3.01961368
 -0.326140716 -3.02575348
 -0.321001077 -3.03185881
 -0.315921551 -3.03792979
 -0.31090075 -3.04396656
 -0.30593733 -3.04996923
 -0.301029996 -3.05593797
 -0.296177493 -3.06187292
 -0.29137861 -3.06777422
 -0.286632175 -3.07364205
 -0.281937054 -3.07947656
 -0.277292149 -3.08527792
 -0.272696397 -3.09104631
 -0.268148769 -3.0967819
 -0.263648268 -3.10248488
 -0.259193927 -3.10815544
 -0.254784808 -3.11379375
 -0.250420002 -3.11940002
 -0.246098629 -3.12497443
 -0.241819831 -3.1305172
 -0.237582778 -3.13602851
 -0.233386663 -3.14150857
 -0.229230703 -3.14695758
 -0.225114137 -3.15237576
 -0.221036225 -3.1577633
 -0.216996247 -3.16312043
 -0.212993504 -3.16844735
 -0.209027317 -3.17374427
 -0.205097024 -3.17901141
 -0.20120198 -3.18424899
 -0.197341559 -3.18945721
 -0.193515151 -3.19463629
 -0.189722162 -3.19978645
 -0.185962013 -3.20490791
 -0.182234141 -3.21000088
 -0.178537995 -3.21506558
 -0.174873041 -3.22010223
 -0.171238756 -3.22511104
 -0.167634632 -3.23009222
 -0.164060172 -3.235046
 -0.160514891 -3.23997259
 -0.156998317 -3.24487221
 -0.153509989 -3.24974506
 -0.150049457 -3.25459136
 -0.146616281 -3.25941133
 -0.143210033 -3.26420517
 -0.139830292 -3.2689731
 -0.13647665 -3.27371533
 -0.133148707 -3.27843207
 -0.129846071 -3.28312352
 -0.126568361 -3.28778989
 -0.123315204 -3.29243139
 -0.120086234 -3.29704822
 -0.116881094 -3.30164059
 -0.113699435 -3.30620869
 -0.110540916 -3.31075273
 -0.107405202 -3.31527291
 -0.104291967 -3.31976943
 -0.10120089 -3.32424248
 -0.0981316579 -3.32869225
 -0.0950839648 -3.33311895
 -0.0920575102 -3.33752276
 -0.0890520001 -3.34190388
 -0.0860671465 -3.3462625
 -0.0831026676 -3.35059879
 -0.0801582869 -3.35491296
 -0.0772337339 -3.35920518
 -0.0743287433 -3.36347564
 -0.071443055 -3.36772452
 -0.0685764144 -3.371952
 -0.0657285715 -3.37615826
 -0.0628992815 -3.38034348
 -0.0600883041 -3.38450783
 -0.057295404 -3.38865149
 -0.0545203499 -3.39277463
 -0.0517629154 -3.39687742
 -0.049022878 -3.40096003
 -0.0463000197 -3.40502263
 -0.0435941263 -3.40906538
 -0.0409049878 -3.41308846
 -0.0382323979 -3.41709202
 -0.0355761543 -3.42107623
 -0.0329360581 -3.42504124
 -0.0303119143 -3.42898722
 -0.0277035312 -3.43291433
 -0.0251107206 -3.43682271
 -0.0225332977 -3.44071252
 -0.0199710809 -3.44458392
 -0.0174238919 -3.44843706
 -0.0148915554 -3.45227209
 -0.0123738992 -3.45608916
 -0.00987075403 -3.4598884
 -0.00738195362 -3.46366998
 -0.00490733449 -3.46743403
 -0.00244673595 -3.47118069
  0. -3.47491012
  0.00243302867 -3.47862244
  0.00485250279 -3.48231779
  0.00725857256 -3.48599632
  0.00965138568 -3.48965816
  0.0120310874 -3.49330344
  0.0143978207 -3.4969323
  0.0167517261 -3.50054486
  0.0190929419 -3.50414127
  0.0214216042 -3.50772164
  0.023737847 -3.51128611
  0.0260418019 -3.51483479
  0.0283335986 -3.51836783
  0.0306133649 -3.52188534
  0.0328812264 -3.52538744
  0.0351373067 -3.52887426
  0.0373817276 -3.53234591
  0.0396146091 -3.53580252
  0.041836069 -3.5392442
  0.0440462239 -3.54267107
  0.046245188 -3.54608324
  0.0484330741 -3.54948084
  0.0506099934 -3.55286396
  0.0527760551 -3.55623273
  0.0549313671 -3.55958726
  0.0570760356 -3.56292765
  0.0592101651 -3.56625401
  0.0613338587 -3.56956646
  0.0634472181 -3.57286509
  0.0655503431 -3.57615001
  0.0676433327 -3.57942134
  0.0697262838 -3.58267916
  0.0717992924 -3.58592359
  0.073862453 -3.58915471
  0.0759158586 -3.59237265
  0.0779596011 -3.59557749
  0.079993771 -3.59876932
  0.0820184576 -3.60194826
  0.0840337488 -3.60511439
  0.0860397315 -3.60826781
  0.0880364913 -3.61140862
  0.0900241125 -3.6145369
  0.0920026785 -3.61765276
  0.0939722714 -3.62075627
  0.0959329721 -3.62384754
  0.0978848607 -3.62692665
  0.099828016 -3.62999369
  0.101762516 -3.63304875
  0.103688437 -3.63609192
  0.105605855 -3.63912328
  0.107514845 -3.64214291
  0.10941548 -3.64515091
  0.111307834 -3.64814735
  0.113191978 -3.65113232
  0.115067983 -3.6541059
  0.116935919 -3.65706817
  0.118795855 -3.66001921
  0.12064786 -3.66295911
  0.122492001 -3.66588793
  0.124328344 -3.66880577
  0.126156955 -3.67171269
  0.127977899 -3.67460877
  0.129791239 -3.67749409
  0.13159704 -3.68036873
  0.133395364 -3.68323275
  0.135186271 -3.68608624
  0.136969824 -3.68892925
  0.138746082 -3.69176188
  0.140515105 -3.69458418
  0.142276951 -3.69739624
  0.144031679 -3.70019811
  0.145779345 -3.70298987
  0.147520006 -3.70577159
  0.149253719 -3.70854334
  0.150980538 -3.71130518
  0.152700519 -3.71405718
  0.154413714 -3.7167994
  0.156120178 -3.71953192
  0.157819963 -3.7222548
  0.159513121 -3.7249681
  0.161199704 -3.72767189
  0.162879762 -3.73036622
  0.164553346 -3.73305117
  0.166220505 -3.73572679
  0.167881289 -3.73839315
  0.169535746 -3.7410503
  0.171183925 -3.74369831
  0.172825872 -3.74633724
  0.174461634 -3.74896714
  0.176091259 -3.75158808
  0.177714792 -3.75420011
  0.179332278 -3.75680329
  0.180943762 -3.75939768
  0.182549289 -3.76198333
  0.184148902 -3.76456031
  0.185742645 -3.76712866
  0.187330561 -3.76968844
  0.188912692 -3.77223971
  0.19048908 -3.77478251
  0.192059767 -3.77731691
  0.193624794 -3.77984296
  0.195184201 -3.7823607
  0.196738029 -3.7848702
  0.198286318 -3.7873715
  0.199829106 -3.78986465
  0.201366433 -3.79234971
  0.202898338 -3.79482673
  0.204424858 -3.79729575
  0.205946031 -3.79975682
  0.207461894 -3.80221
  0.208972485 -3.80465533
  0.21047784 -3.80709286
  0.211977996 -3.80952264
  0.213472987 -3.81194471
  0.214962849 -3.81435913
  0.216447618 -3.81676594
  0.217927328 -3.81916518
  0.219402014 -3.8215569
  0.220871709 -3.82394115
  0.222336447 -3.82631797
  0.223796262 -3.8286874
  0.225251186 -3.8310495
  0.226701252 -3.8334043
  0.228146493 -3.83575184
  0.229586941 -3.83809218
  0.231022626 -3.84042534
  0.232453581 -3.84275139
  0.233879837 -3.84507035
  0.235301424 -3.84738226
  0.236718373 -3.84968718
  0.238130714 -3.85198514
  0.239538477 -3.85427618
  0.240941692 -3.85656034
  0.242340387 -3.85883766
  0.243734592 -3.86110818
  0.245124335 -3.86337195
  0.246509646 -3.86562899
  0.247890551 -3.86787935
  0.24926708 -3.87012306
  0.25063926 -3.87236017
  0.252007118 -3.87459071
  0.253370681 -3.87681472
  0.254729976 -3.87903223
  0.25608503 -3.88124329
  0.257435869 -3.88344792
  0.25878252 -3.88564617
  0.260125008 -3.88783807
  0.261463359 -3.89002366
  0.262797598 -3.89220297
  0.26412775 -3.89437603
  0.265453841 -3.89654288
  0.266775896 -3.89870356
  0.268093938 -3.9008581
  0.269407991 -3.90300654
  0.270718081 -3.9051489
  0.272024231 -3.90728522
  0.273326465 -3.90941553
  0.274624805 -3.91153987
  0.275919275 -3.91365827
  0.277209899 -3.91577076
  0.278496698 -3.91787737
  0.279779696 -3.91997814
  0.281058915 -3.9220731
  0.282334377 -3.92416227
  0.283606104 -3.92624569
  0.284874118 -3.92832339
  0.28613844 -3.93039539
  0.287399093 -3.93246174
  0.288656096 -3.93452246
  0.289909472 -3.93657758
  0.291159242 -3.93862713
  0.292405425 -3.94067114
  0.293648042 -3.94270964
  0.294887114 -3.94474265
  0.296122661 -3.94677021
  0.297354703 -3.94879234
  0.29858326 -3.95080908
  0.299808351 -3.95282045
  0.301029996 -3.95482647
  0.302248214 -3.95682719
  0.303463024 -3.95882261
  0.304674446 -3.96081278
  0.305882498 -3.96279772
  0.3070872 -3.96477745
  0.308288568 -3.966752
  0.309486623 -3.9687214
  0.310681381 -3.97068567
  0.311872862 -3.97264484
  0.313061083 -3.97459894
  0.314246062 -3.97654799
  0.315427816 -3.97849202
  0.316606364 -3.98043105
  0.317781722 -3.98236511
  0.318953907 -3.98429422
  0.320122938 -3.98621841
  0.321288829 -3.9881377
  0.3224516 -3.99005212
  0.323611265 -3.99196168
  0.324767843 -3.99386642
  0.325921348 -3.99576636
  0.327071798 -3.99766152
  0.328219208 -3.99955193
  0.329363594 -4.0014376
  0.330504973 -4.00331857
  0.331643361 -4.00519485
  0.332778772 -4.00706646
  0.333911222 -4.00893344
  0.335040727 -4.0107958
