 -1.51454775 -2.51484823
 -1.43536651 -2.46918714
 -1.36841972 -2.44820709
 -1.31042777 -2.44139148
 -1.25927525 -2.44291263
 -1.21351776 -2.44941461
 -1.17212507 -2.45890082
 -1.13433651 -2.47015072
 -1.0995744 -2.48240174
 -1.06738972 -2.4951694
 -1.0374265 -2.50814246
 -1.00939777 -2.52111985
 -0.983068836 -2.53397191
 -0.958245252 -2.54661592
 -0.934764156 -2.55900044
 -0.912487761 -2.57109496
 -0.891298462 -2.58288315
 -0.871095076 -2.59435827
 -0.851789921 -2.60552001
 -0.833306515 -2.61637238
 -0.815577748 -2.62692222
 -0.798544409 -2.63717819
 -0.782153993 -2.64715002
 -0.766359726 -2.65684805
 -0.751119759 -2.66628285
 -0.736396502 -2.67546499
 -0.722156063 -2.68440491
 -0.708367779 -2.69311274
 -0.695003817 -2.70159831
 -0.68203884 -2.70987104
 -0.669449713 -2.71793996
 -0.657215256 -2.72581369
 -0.645316033 -2.73350043
 -0.63373416 -2.74100798
 -0.62245315 -2.74834375
 -0.611457766 -2.75551475
 -0.6007339 -2.76252764
 -0.590268467 -2.76938875
 -0.580049301 -2.77610405
 -0.570065081 -2.78267922
 -0.560305243 -2.78911963
 -0.550759925 -2.7954304
 -0.541419899 -2.80161636
 -0.53227652 -2.8076821
 -0.523321677 -2.81363199
 -0.514547753 -2.81947017
 -0.505947581 -2.82520057
 -0.497514413 -2.83082695
 -0.489241887 -2.83635287
 -0.481123997 -2.84178172
 -0.473155068 -2.84711673
 -0.46532973 -2.85236099
 -0.457642901 -2.85751742
 -0.450089763 -2.86258883
 -0.442665745 -2.8675779
 -0.435366507 -2.87248718
 -0.428187922 -2.87731912
 -0.421126067 -2.88207604
 -0.414177208 -2.88676019
 -0.407337783 -2.8913737
 -0.4006044 -2.89591863
 -0.393973821 -2.90039693
 -0.387442954 -2.90481048
 -0.381008844 -2.9091611
 -0.374668666 -2.91345052
 -0.368419717 -2.91768039
 -0.362259408 -2.92185233
 -0.356185261 -2.92596786
 -0.350194897 -2.93002847
 -0.344286037 -2.93403557
 -0.338456494 -2.93799053
 -0.332704165 -2.94189467
 -0.327027032 -2.94574927
 -0.321423154 -2.94955553
 -0.315890666 -2.95331465
 -0.31042777 -2.95702778
 -0.305032738 -2.96069608
 -0.299703905 -2.9643209
 -0.294439665 -2.96790429
 -0.289238471 -2.97145121
 -0.284098831 -2.97497727
 -0.279019306 -2.9785356
 -0.273998504 -2.98229634
 -0.269035085 -2.98668188
 -0.26412775 -2.99221858
 -0.259275248 -2.99884825
 -0.254476365 -3.00601159
 -0.24972993 -3.01331565
 -0.245034808 -3.02060881
 -0.240389903 -3.02784456
 -0.235794152 -3.03501025
 -0.231246524 -3.04210326
 -0.226746023 -3.04912387
 -0.222291681 -3.0560732
 -0.217882562 -3.06295256
 -0.213517757 -3.06976332
 -0.209196383 -3.07650681
 -0.204917585 -3.08318434
 -0.200680532 -3.08979718
 -0.196484418 -3.09634656
 -0.192328458 -3.1028337
 -0.188211892 -3.10925976
 -0.184133979 -3.11562588
 -0.180094002 -3.12193315
 -0.176091259 -3.12818265
 -0.172125072 -3.13437544
 -0.168194778 -3.14051252
 -0.164299734 -3.14659488
 -0.160439314 -3.1526235
 -0.156612906 -3.1585993
 -0.152819917 -3.16452321
 -0.149059768 -3.17039611
 -0.145331895 -3.17621888
 -0.14163575 -3.18199235
 -0.137970796 -3.18771736
 -0.134336511 -3.19339471
 -0.130732387 -3.19902519
 -0.127157926 -3.20460955
 -0.123612646 -3.21014856
 -0.120096072 -3.21564293
 -0.116607744 -3.22109338
 -0.113147212 -3.2265006
 -0.109714036 -3.23186527
 -0.106307787 -3.23718806
 -0.102928047 -3.24246962
 -0.0995744047 -3.24771056
 -0.0962464613 -3.25291153
 -0.0929438258 -3.25807311
 -0.089666116 -3.26319589
 -0.0864129586 -3.26828047
 -0.0831839885 -3.27332739
 -0.0799788486 -3.27833722
 -0.0767971898 -3.28331049
 -0.0736386706 -3.28824773
 -0.0705029567 -3.29314946
 -0.0673897213 -3.29801619
 -0.0642986443 -3.30284841
 -0.0612294126 -3.3076466
 -0.0581817195 -3.31241125
 -0.0551552649 -3.31714281
 -0.0521497548 -3.32184174
 -0.0491649012 -3.32650849
 -0.0462004222 -3.33114349
 -0.0432560416 -3.33574718
 -0.0403314886 -3.34031997
 -0.0374264979 -3.34486227
 -0.0345408097 -3.34937449
 -0.0316741691 -3.35385703
 -0.0288263262 -3.35831026
 -0.0259970362 -3.36273457
 -0.0231860588 -3.36713033
 -0.0203931586 -3.37149791
 -0.0176181046 -3.37583767
 -0.01486067 -3.38014996
 -0.0121206327 -3.38443511
 -0.00939777434 -3.38869348
 -0.00669188096 -3.3929254
 -0.00400274245 -3.39713118
 -0.00133015259 -3.40131116
  0.00132609105 -3.40546564
  0.00396618722 -3.40959493
  0.00659033104 -3.41369934
  0.00919871415 -3.41777916
  0.0117915247 -3.4218347
  0.0143689476 -3.42586622
  0.0169311644 -3.42987402
  0.0194783534 -3.43385838
  0.0220106899 -3.43781956
  0.0245283461 -3.44175783
  0.0270314913 -3.44567346
  0.0295202917 -3.44956671
  0.0319949108 -3.45343783
  0.0344555094 -3.45728706
  0.0369022453 -3.46111466
  0.039335274 -3.46492087
  0.0417547481 -3.46870592
  0.0441608179 -3.47247005
  0.046553631 -3.47621348
  0.0489333327 -3.47993645
  0.051300066 -3.48363917
  0.0536539714 -3.48732187
  0.0559951872 -3.49098476
  0.0583238495 -3.49462805
  0.0606400923 -3.49825195
  0.0629440472 -3.50185667
  0.065235844 -3.5054424
  0.0675156103 -3.50900935
  0.0697834717 -3.51255771
  0.072039552 -3.51608767
  0.0742839729 -3.51959942
  0.0765168544 -3.52309316
  0.0787383144 -3.52656906
  0.0809484692 -3.5300273
  0.0831474333 -3.53346807
  0.0853353194 -3.53689153
  0.0875122387 -3.54029787
  0.0896783004 -3.54368725
  0.0918336125 -3.54705984
  0.0939782809 -3.5504158
  0.0961124104 -3.5537553
  0.0982361041 -3.5570785
  0.100349463 -3.56038556
  0.102452588 -3.56367663
  0.104545578 -3.56695187
  0.106628529 -3.57021142
  0.108701538 -3.57345544
  0.110764698 -3.57668408
  0.112818104 -3.57989748
  0.114861846 -3.58309578
  0.116896016 -3.58627912
  0.118920703 -3.58944765
  0.120935994 -3.59260149
  0.122941977 -3.59574079
  0.124938737 -3.59886568
  0.126926358 -3.6019763
  0.128904924 -3.60507276
  0.130874517 -3.6081552
  0.132835217 -3.61122374
  0.134787106 -3.61427852
  0.136730261 -3.61731964
  0.138664761 -3.62034724
  0.140590682 -3.62336144
  0.1425081 -3.62636234
  0.14441709 -3.62935007
  0.146317725 -3.63232475
  0.148210079 -3.63528648
  0.150094223 -3.63823538
  0.151970228 -3.64117156
  0.153838164 -3.64409513
  0.1556981 -3.64700619
  0.157550105 -3.64990486
  0.159394246 -3.65279124
  0.161230589 -3.65566542
  0.1630592 -3.65852753
  0.164880144 -3.66137764
  0.166693485 -3.66421587
  0.168499286 -3.66704232
  0.170297609 -3.66985707
  0.172088517 -3.67266024
  0.173872069 -3.6754519
  0.175648327 -3.67823216
  0.17741735 -3.68100111
  0.179179196 -3.68375884
  0.180933924 -3.68650545
  0.18268159 -3.68924101
  0.184422252 -3.69196562
  0.186155964 -3.69467937
  0.187882784 -3.69738234
  0.189602764 -3.70007462
  0.19131596 -3.70275628
  0.193022423 -3.70542743
  0.194722208 -3.70808813
  0.196415366 -3.71073847
  0.198101949 -3.71337853
  0.199782007 -3.71600838
  0.201455591 -3.71862812
  0.20312275 -3.72123781
  0.204783534 -3.72383753
  0.206437991 -3.72642735
  0.20808617 -3.72900736
  0.209728117 -3.73157762
  0.21136388 -3.73413822
  0.212993504 -3.73668921
  0.214617037 -3.73923068
  0.216234523 -3.74176269
  0.217846007 -3.74428532
  0.219451534 -3.74679863
  0.221051147 -3.74930269
  0.22264489 -3.75179757
  0.224232806 -3.75428334
  0.225814937 -3.75676006
  0.227391325 -3.75922781
  0.228962012 -3.76168663
  0.230527039 -3.7641366
  0.232086446 -3.76657779
  0.233640274 -3.76901025
  0.235188563 -3.77143404
  0.236731351 -3.77384923
  0.238268679 -3.77625588
  0.239800583 -3.77865405
  0.241327103 -3.7810438
  0.242848276 -3.78342519
  0.24436414 -3.78579827
  0.245874731 -3.7881631
  0.247380086 -3.79051974
  0.248880241 -3.79286825
  0.250375232 -3.79520869
  0.251865094 -3.7975411
  0.253349863 -3.79986554
  0.254829573 -3.80218207
  0.256304259 -3.80449075
  0.257773954 -3.80679161
  0.259238692 -3.80908472
  0.260698507 -3.81137013
  0.262153431 -3.81364789
  0.263603498 -3.81591806
  0.265048739 -3.81818067
  0.266489186 -3.82043578
  0.267924872 -3.82268345
  0.269355827 -3.82492371
  0.270782082 -3.82715663
  0.272203669 -3.82938224
  0.273620618 -3.8316006
  0.27503296 -3.83381174
  0.276440722 -3.83601573
  0.277843937 -3.8382126
  0.279242632 -3.8404024
  0.280636837 -3.84258517
  0.282026581 -3.84476097
  0.283411891 -3.84692983
  0.284792797 -3.8490918
  0.286169326 -3.85124692
  0.287541505 -3.85339524
  0.288909363 -3.85553679
  0.290272926 -3.85767163
  0.291632221 -3.85979979
  0.292987275 -3.86192131
  0.294338115 -3.86403624
  0.295684765 -3.86614462
  0.297027253 -3.86824649
  0.298365604 -3.87034188
  0.299699843 -3.87243084
  0.301029996 -3.8745134
  0.302356087 -3.87658961
  0.303678141 -3.87865951
  0.304996183 -3.88072312
  0.306310237 -3.8827805
  0.307620327 -3.88483168
  0.308926477 -3.88687669
  0.31022871 -3.88891557
  0.31152705 -3.89094836
  0.31282152 -3.8929751
  0.314112144 -3.89499581
  0.315398943 -3.89701055
  0.316681941 -3.89901933
  0.31796116 -3.90102221
  0.319236622 -3.9030192
  0.320508349 -3.90501035
  0.321776363 -3.90699569
  0.323040686 -3.90897525
  0.324301338 -3.91094907
  0.325558342 -3.91291719
  0.326811718 -3.91487962
  0.328061487 -3.91683641
  0.32930767 -3.91878759
  0.330550287 -3.92073319
  0.331789359 -3.92267325
  0.333024906 -3.92460778
  0.334256948 -3.92653683
  0.335485505 -3.92846043
  0.336710596 -3.93037861
  0.337932241 -3.93229139
  0.339150459 -3.93419881
  0.34036527 -3.9361009
  0.341576692 -3.93799768
  0.342784744 -3.9398892
  0.343989445 -3.94177546
  0.345190814 -3.94365652
  0.346388868 -3.94553238
  0.347583627 -3.94740309
  0.348775107 -3.94926867
  0.349963328 -3.95112915
  0.351148307 -3.95298456
  0.352330062 -3.95483492
  0.353508609 -3.95668026
  0.354683967 -3.95852061
  0.355856153 -3.96035599
  0.357025183 -3.96218644
  0.358191075 -3.96401197
  0.359353845 -3.96583262
  0.360513511 -3.96764841
  0.361670088 -3.96945937
  0.362823593 -3.97126552
  0.363974043 -3.97306689
  0.365121453 -3.9748635
  0.36626584 -3.97665538
  0.367407219 -3.97844256
  0.368545606 -3.98022505
  0.369681017 -3.98200288
  0.370813467 -3.98377608
  0.371942973 -3.98554467
  0.373069548 -3.98730867
  0.374193208 -3.98906812
  0.375313969 -3.99082302
  0.376431844 -3.99257341
  0.37754685 -3.99431931
  0.378659 -3.99606074
  0.37976831 -3.99779772
  0.380874793 -3.99953028
  0.381978465 -4.00125844
  0.383079339 -4.00298222
  0.384177429 -4.00470164
  0.38527275 -4.00641673
  0.386365315 -4.00812751
  0.387455139 -4.009834
  0.388542234 -4.01153621
  0.389626616 -4.01323418
  0.390708296 -4.01492792
  0.391787289 -4.01661746
  0.392863608 -4.01830281
  0.393937266 -4.01998399
  0.395008277 -4.02166103
  0.396076652 -4.02333395
  0.397142406 -4.02500276
  0.398205551 -4.02666749
  0.3992661 -4.02832816
  0.400324065 -4.02998478
  0.401379459 -4.03163738
  0.402432295 -4.03328597
  0.403482584 -4.03493058
  0.40453034 -4.03657123
