 -1.45636603 -1.6727452
 -1.37718479 -1.73338739
 -1.310238 -1.78509092
 -1.25224605 -1.83030884
 -1.20109353 -1.87062129
 -1.15533604 -1.90710504
 -1.11394335 -1.94052606
 -1.07615479 -1.97144791
 -1.04139269 -2.00029667
 -1.009208 -2.0274017
 -0.979244778 -2.05302235
 -0.951216055 -2.07736608
 -0.924887116 -2.10060101
 -0.900063532 -2.122865
 -0.876582437 -2.14427217
 -0.854306042 -2.16491786
 -0.833116743 -2.18488227
 -0.812913357 -2.2042334
 -0.793608201 -2.22302919
 -0.775124796 -2.24131934
 -0.757396029 -2.25914666
 -0.740362689 -2.27654823
 -0.723972273 -2.29355629
 -0.708178006 -2.310199
 -0.69293804 -2.32650106
 -0.678214783 -2.34248422
 -0.663974344 -2.35816767
 -0.650186059 -2.37356847
 -0.636822098 -2.38870179
 -0.62385712 -2.4035812
 -0.611267993 -2.41821885
 -0.599033537 -2.4326257
 -0.587134313 -2.44681164
 -0.575552441 -2.46078564
 -0.56427143 -2.47455588
 -0.553276046 -2.48812982
 -0.542552181 -2.50151429
 -0.532086747 -2.51471561
 -0.521867582 -2.52773958
 -0.511883361 -2.54059161
 -0.502123524 -2.55327671
 -0.492578206 -2.56579955
 -0.48323818 -2.57816453
 -0.4740948 -2.59037576
 -0.465139957 -2.60243712
 -0.456366033 -2.61435228
 -0.447765861 -2.62612472
 -0.439332694 -2.63775773
 -0.431060168 -2.64925445
 -0.422942278 -2.66061789
 -0.414973348 -2.67185092
 -0.40714801 -2.68295628
 -0.399461182 -2.69393662
 -0.391908044 -2.70479449
 -0.384484026 -2.71553232
 -0.377184787 -2.72615249
 -0.370006202 -2.73665727
 -0.362944348 -2.74704888
 -0.355995488 -2.75732946
 -0.349156063 -2.76750108
 -0.342422681 -2.77756575
 -0.335792102 -2.78752543
 -0.329261235 -2.79738202
 -0.322827125 -2.80713738
 -0.316486947 -2.8167933
 -0.310237997 -2.82635153
 -0.304077689 -2.83581379
 -0.298003541 -2.84518173
 -0.292013177 -2.854457
 -0.286104318 -2.86364116
 -0.280274774 -2.87273578
 -0.274522445 -2.88174236
 -0.268845312 -2.89066238
 -0.263241435 -2.89949729
 -0.257708946 -2.90824848
 -0.25224605 -2.91691735
 -0.246851019 -2.92550524
 -0.241522185 -2.93401348
 -0.236257945 -2.94244334
 -0.231056751 -2.95079609
 -0.225917112 -2.95907297
 -0.220837586 -2.96727519
 -0.215816785 -2.97540392
 -0.210853365 -2.98346034
 -0.205946031 -2.99144556
 -0.201093528 -2.9993607
 -0.196294645 -3.00720685
 -0.19154821 -3.01498508
 -0.186853089 -3.02269642
 -0.182208184 -3.03034189
 -0.177612432 -3.03792251
 -0.173064804 -3.04543924
 -0.168564303 -3.05289305
 -0.164109962 -3.06028489
 -0.159700843 -3.06761566
 -0.155336037 -3.07488629
 -0.151014664 -3.08209765
 -0.146735866 -3.08925062
 -0.142498813 -3.09634604
 -0.138302698 -3.10338475
 -0.134146738 -3.11036757
 -0.130030172 -3.1172953
 -0.12595226 -3.12416874
 -0.121912282 -3.13098864
 -0.11790954 -3.13775578
 -0.113943352 -3.14447089
 -0.110013059 -3.15113469
 -0.106118015 -3.15774792
 -0.102257594 -3.16431126
 -0.0984311861 -3.17082541
 -0.0946381971 -3.17729104
 -0.0908780482 -3.18370882
 -0.0871501757 -3.19007938
 -0.0834540302 -3.19640338
 -0.0797890761 -3.20268144
 -0.0761547914 -3.20891417
 -0.0725506671 -3.21510218
 -0.0689762068 -3.22124605
 -0.065430926 -3.22734638
 -0.0619143523 -3.23340372
 -0.0584260245 -3.23941865
 -0.0549654923 -3.24539171
 -0.0515323165 -3.25132345
 -0.0481260678 -3.25721439
 -0.0447463272 -3.26306505
 -0.0413926852 -3.26887596
 -0.0380647418 -3.27464761
 -0.0347621063 -3.28038049
 -0.0314843965 -3.2860751
 -0.0282312391 -3.2917319
 -0.025002269 -3.29735138
 -0.0217971291 -3.30293398
 -0.0186154703 -3.30848017
 -0.0154569511 -3.31399039
 -0.0123212372 -3.31946507
 -0.00920800179 -3.32490465
 -0.00611692481 -3.33030955
 -0.00304769308 -3.33568018
  0. -3.34101696
  0.00302645463 -3.34632028
  0.00603196477 -3.35159054
  0.00901681832 -3.35682813
  0.0119812973 -3.36203343
  0.0149256779 -3.36720681
  0.0178502309 -3.37234866
  0.0207552216 -3.37745932
  0.0236409098 -3.38253917
  0.0265075505 -3.38758854
  0.0293553934 -3.39260779
  0.0321846834 -3.39759725
  0.0349956607 -3.40255727
  0.0377885609 -3.40748817
  0.0405636149 -3.41239027
  0.0433210495 -3.41726391
  0.0460610869 -3.42210938
  0.0487839452 -3.426927
  0.0514898386 -3.43171708
  0.0541789771 -3.43647991
  0.0568515669 -3.44121579
  0.0595078106 -3.44592501
  0.0621479067 -3.45060786
  0.0647720506 -3.45526462
  0.0673804337 -3.45989556
  0.0699732443 -3.46450096
  0.0725506671 -3.4690811
  0.0751128839 -3.47363622
  0.0776600729 -3.4781666
  0.0801924094 -3.48267249
  0.0827100657 -3.48715415
  0.0852132108 -3.49161183
  0.0877020112 -3.49604576
  0.0901766303 -3.5004562
  0.0926372289 -3.50484338
  0.0950839648 -3.50920754
  0.0975169935 -3.51354891
  0.0999364676 -3.51786772
  0.102342537 -3.52216419
  0.104735351 -3.52643855
  0.107115052 -3.53069101
  0.109481786 -3.53492179
  0.111835691 -3.53913111
  0.114176907 -3.54331916
  0.116505569 -3.54748617
  0.118821812 -3.55163233
  0.121125767 -3.55575784
  0.123417563 -3.55986291
  0.12569733 -3.56394772
  0.127965191 -3.56801248
  0.130221272 -3.57205736
  0.132465692 -3.57608257
  0.134698574 -3.58008827
  0.136920034 -3.58407466
  0.139130189 -3.58804192
  0.141329153 -3.59199022
  0.143517039 -3.59591974
  0.145693958 -3.59983065
  0.14786002 -3.60372312
  0.150015332 -3.60759731
  0.15216 -3.61145341
  0.15429413 -3.61529156
  0.156417824 -3.61911194
  0.158531183 -3.62291469
  0.160634308 -3.62669998
  0.162727297 -3.63046797
  0.164810249 -3.6342188
  0.166883257 -3.63795264
  0.168946418 -3.64166961
  0.170999823 -3.64536989
  0.173043566 -3.6490536
  0.175077736 -3.6527209
  0.177102422 -3.65637193
  0.179117714 -3.66000683
  0.181123696 -3.66362573
  0.183120456 -3.66722877
  0.185108077 -3.67081609
  0.187086643 -3.67438782
  0.189056236 -3.6779441
  0.191016937 -3.68148504
  0.192968826 -3.68501079
  0.194911981 -3.68852147
  0.196846481 -3.6920172
  0.198772402 -3.6954981
  0.20068982 -3.69896431
  0.20259881 -3.70241594
  0.204499445 -3.70585311
  0.206391799 -3.70927593
  0.208275942 -3.71268454
  0.210151947 -3.71607903
  0.212019884 -3.71945952
  0.21387982 -3.72282614
  0.215731825 -3.72617898
  0.217575966 -3.72951815
  0.219412309 -3.73284378
  0.22124092 -3.73615596
  0.223061863 -3.73945479
  0.224875204 -3.7427404
  0.226681005 -3.74601287
  0.228479329 -3.74927231
  0.230270236 -3.75251882
  0.232053789 -3.75575251
  0.233830047 -3.75897347
  0.23559907 -3.76218179
  0.237360916 -3.76537759
  0.239115643 -3.76856094
  0.24086331 -3.77173195
  0.242603971 -3.77489071
  0.244337684 -3.77803732
  0.246064503 -3.78117185
  0.247784484 -3.78429442
  0.249497679 -3.78740509
  0.251204143 -3.79050397
  0.252903928 -3.79359114
  0.254597086 -3.79666669
  0.256283668 -3.7997307
  0.257963727 -3.80278326
  0.259637311 -3.80582444
  0.26130447 -3.80885435
  0.262965254 -3.81187304
  0.264619711 -3.81488062
  0.266267889 -3.81787715
  0.267909836 -3.82086272
  0.269545599 -3.82383741
  0.271175224 -3.82680129
  0.272798757 -3.82975444
  0.274416243 -3.83269694
  0.276027727 -3.83562886
  0.277633253 -3.83855027
  0.279232867 -3.84146126
  0.28082661 -3.84436189
  0.282414525 -3.84725224
  0.283996656 -3.85013237
  0.285573045 -3.85300236
  0.287143732 -3.85586228
  0.288708758 -3.8587122
  0.290268166 -3.86155218
  0.291821994 -3.8643823
  0.293370282 -3.86720262
  0.294913071 -3.87001321
  0.296450398 -3.87281413
  0.297982303 -3.87560545
  0.299508823 -3.87838724
  0.301029996 -3.88115955
  0.302545859 -3.88392246
  0.30405645 -3.88667602
  0.305561805 -3.88942029
  0.30706196 -3.89215535
  0.308556952 -3.89488124
  0.310046814 -3.89759803
  0.311531583 -3.90030578
  0.313011293 -3.90300455
  0.314485979 -3.9056944
  0.315955674 -3.90837538
  0.317420412 -3.91104756
  0.318880227 -3.91371098
  0.320335151 -3.91636571
  0.321785217 -3.9190118
  0.323230458 -3.92164931
  0.324670905 -3.92427829
  0.326106591 -3.92689879
  0.327537546 -3.92951087
  0.328963802 -3.93211459
  0.330385389 -3.93470999
  0.331802338 -3.93729713
  0.333214679 -3.93987606
  0.334622442 -3.94244684
  0.336025656 -3.9450095
  0.337424352 -3.9475641
  0.338818557 -3.9501107
  0.3402083 -3.95264934
  0.341593611 -3.95518007
  0.342974516 -3.95770294
  0.344351045 -3.960218
  0.345723225 -3.96272529
  0.347091083 -3.96522486
  0.348454646 -3.96771677
  0.349813941 -3.97020104
  0.351168995 -3.97267774
  0.352519834 -3.97514691
  0.353866485 -3.97760859
  0.355208973 -3.98006283
  0.356547324 -3.98250966
  0.357881563 -3.98494915
  0.359211715 -3.98738132
  0.360537806 -3.98980622
  0.36185986 -3.9922239
  0.363177902 -3.9946344
  0.364491956 -3.99703775
  0.365802046 -3.99943401
  0.367108196 -4.00182321
  0.368410429 -4.00420539
  0.36970877 -4.0065806
  0.37100324 -4.00894888
  0.372293863 -4.01131025
  0.373580663 -4.01366477
  0.374863661 -4.01601248
  0.37614288 -4.01835341
  0.377418342 -4.0206876
  0.378690069 -4.02301509
  0.379958083 -4.02533591
  0.381222405 -4.02765011
  0.382483058 -4.02995773
  0.383740061 -4.03225879
  0.384993437 -4.03455334
  0.386243206 -4.03684141
  0.387489389 -4.03912304
  0.388732007 -4.04139826
  0.389971079 -4.04366712
  0.391206626 -4.04592964
  0.392438668 -4.04818586
  0.393667225 -4.05043582
  0.394892316 -4.05267954
  0.396113961 -4.05491707
  0.397332179 -4.05714844
  0.398546989 -4.05937367
  0.399758411 -4.06159281
  0.400966463 -4.06380589
  0.402171164 -4.06601294
  0.403372533 -4.06821399
  0.404570588 -4.07040907
  0.405765346 -4.07259822
  0.406956827 -4.07478147
  0.408145048 -4.07695885
  0.409330027 -4.07913039
  0.410511781 -4.08129612
  0.411690329 -4.08345607
  0.412865687 -4.08561028
