 -1.45939249 -1.84222997
 -1.38021124 -1.89978502
 -1.31326445 -1.94821385
 -1.25527251 -1.99292134
 -1.20411998 -2.03801501
 -1.15836249 -2.08729628
 -1.11696981 -2.14459943
 -1.07918125 -2.20585425
 -1.04441914 -2.23359584
 -1.01223446 -2.25921317
 -0.982271233 -2.28301952
 -0.954242509 -2.30526526
 -0.927913571 -2.32615419
 -0.903089987 -2.34585511
 -0.879608891 -2.36450989
 -0.857332496 -2.38223948
 -0.836143197 -2.39914826
 -0.815939811 -2.41532739
 -0.796634656 -2.43085725
 -0.77815125 -2.44580936
 -0.760422483 -2.46024774
 -0.743389144 -2.47423001
 -0.726998728 -2.48780814
 -0.711204461 -2.50102897
 -0.695964494 -2.51393458
 -0.681241237 -2.52656254
 -0.667000798 -2.53894608
 -0.653212514 -2.55111419
 -0.639848552 -2.56309175
 -0.626883575 -2.57489966
 -0.614294448 -2.58655503
 -0.602059991 -2.59807143
 -0.590160768 -2.60945916
 -0.578578895 -2.62072564
 -0.567297885 -2.63187577
 -0.556302501 -2.64291236
 -0.545578635 -2.65383654
 -0.535113202 -2.66464813
 -0.524894037 -2.67534605
 -0.514909816 -2.68592859
 -0.505149978 -2.69639374
 -0.49560466 -2.70673935
 -0.486264634 -2.71696334
 -0.477121255 -2.72706384
 -0.468166412 -2.73703923
 -0.459392488 -2.74688826
 -0.450792316 -2.75661001
 -0.442359148 -2.76620397
 -0.434086622 -2.77566996
 -0.425968732 -2.78500817
 -0.417999803 -2.79421911
 -0.410174465 -2.80330357
 -0.402487636 -2.81226261
 -0.394934499 -2.82109751
 -0.38751048 -2.82980974
 -0.380211242 -2.83840095
 -0.373032657 -2.84687291
 -0.365970803 -2.85522752
 -0.359021943 -2.86346675
 -0.352182518 -2.87159265
 -0.345449135 -2.87960731
 -0.338818557 -2.88751287
 -0.332287689 -2.89531146
 -0.325853579 -2.90300525
 -0.319513401 -2.9105964
 -0.313264452 -2.91808703
 -0.307104143 -2.9254793
 -0.301029996 -2.93277528
 -0.295039632 -2.93997707
 -0.289130772 -2.9470867
 -0.283301229 -2.95410618
 -0.2775489 -2.96103747
 -0.271871767 -2.9678825
 -0.266267889 -2.97464317
 -0.260735401 -2.9813213
 -0.255272505 -2.98791871
 -0.249877473 -2.99443715
 -0.24454864 -3.00087832
 -0.2392844 -3.00724391
 -0.234083206 -3.01353554
 -0.228943566 -3.01975478
 -0.223864041 -3.02590319
 -0.218843239 -3.03198227
 -0.21387982 -3.03799347
 -0.208972485 -3.04393821
 -0.204119983 -3.04981788
 -0.1993211 -3.05563383
 -0.194574665 -3.06138735
 -0.189879544 -3.06707972
 -0.185234638 -3.07271218
 -0.180638887 -3.07828594
 -0.176091259 -3.08380215
 -0.171590758 -3.08926197
 -0.167136416 -3.09466649
 -0.162727297 -3.10001679
 -0.158362492 -3.10531393
 -0.154041118 -3.11055891
 -0.14976232 -3.11575274
 -0.145525267 -3.12089638
 -0.141329153 -3.12599077
 -0.137173193 -3.13103683
 -0.133056627 -3.13603543
 -0.128978714 -3.14098747
 -0.124938737 -3.14589376
 -0.120935994 -3.15075516
 -0.116969807 -3.15557244
 -0.113039513 -3.1603464
 -0.109144469 -3.16507779
 -0.105284049 -3.16976736
 -0.101457641 -3.17441583
 -0.0976646517 -3.17902391
 -0.0939045029 -3.18359228
 -0.0901766303 -3.18812162
 -0.0864804848 -3.19261257
 -0.0828155307 -3.19706579
 -0.079181246 -3.20148188
 -0.0755771218 -3.20586147
 -0.0720026614 -3.21020514
 -0.0684573807 -3.21451347
 -0.0649408069 -3.21878703
 -0.0614524791 -3.22302636
 -0.057991947 -3.22723202
 -0.0545587711 -3.23140453
 -0.0511525224 -3.2355444
 -0.0477727818 -3.23965213
 -0.0444191398 -3.24372822
 -0.0410911964 -3.24777315
 -0.0377885609 -3.25178739
 -0.0345108511 -3.2557714
 -0.0312576937 -3.25972563
 -0.0280287236 -3.26365051
 -0.0248235837 -3.26754648
 -0.0216419249 -3.27141397
 -0.0184834057 -3.27525337
 -0.0153476918 -3.2790651
 -0.0122344564 -3.28284954
 -0.00914337944 -3.28660709
 -0.00607414771 -3.29033813
 -0.00302645463 -3.29404301
  0. -3.29772212
  0.00300551014 -3.30137579
  0.00599036369 -3.30500438
  0.00895484265 -3.30860824
  0.0118992233 -3.31218769
  0.0148237763 -3.31574306
  0.017728767 -3.31927467
  0.0206144552 -3.32278284
  0.0234810958 -3.32626787
  0.0263289387 -3.32973008
  0.0291582287 -3.33316974
  0.0319692061 -3.33658717
  0.0347621063 -3.33998263
  0.0375371603 -3.34335641
  0.0402945949 -3.34670879
  0.0430346322 -3.35004003
  0.0457574906 -3.35335041
  0.0484633839 -3.35664017
  0.0511525224 -3.35990957
  0.0538251123 -3.36315886
  0.056481356 -3.3663883
  0.0591214521 -3.36959811
  0.0617455959 -3.37278854
  0.0643539791 -3.37595981
  0.0669467896 -3.37911216
  0.0695242125 -3.38224582
  0.0720864293 -3.38536099
  0.0746336183 -3.3884579
  0.0771659548 -3.39153676
  0.079683611 -3.39459778
  0.0821867562 -3.39764116
  0.0846755566 -3.40066711
  0.0871501757 -3.40367582
  0.0896107743 -3.4066675
  0.0920575102 -3.40964232
  0.0944905389 -3.41260048
  0.096910013 -3.41554217
  0.0993160828 -3.41846756
  0.101708896 -3.42137685
  0.104088598 -3.42427019
  0.106455331 -3.42714777
  0.108809236 -3.43000976
  0.111150452 -3.43285632
  0.113479114 -3.43568763
  0.115795357 -3.43850384
  0.118099312 -3.44130511
  0.120391109 -3.4440916
  0.122670875 -3.44686346
  0.124938737 -3.44962086
  0.127194817 -3.45236393
  0.129439238 -3.45509283
  0.131672119 -3.4578077
  0.133893579 -3.46050869
  0.136103734 -3.46319593
  0.138302698 -3.46586957
  0.140490584 -3.46852974
  0.142667504 -3.47117658
  0.144833565 -3.47381022
  0.146988877 -3.47643079
  0.149133546 -3.47903842
  0.151267675 -3.48163324
  0.153391369 -3.48421537
  0.155504728 -3.48678494
  0.157607853 -3.48934206
  0.159700843 -3.49188687
  0.161783794 -3.49441947
  0.163856803 -3.49693998
  0.165919963 -3.49944851
  0.167973369 -3.50194519
  0.170017111 -3.50443012
  0.172051281 -3.50690342
  0.174075968 -3.50936518
  0.176091259 -3.51181552
  0.178097242 -3.51425454
  0.180094002 -3.51668235
  0.182081623 -3.51909905
  0.184060189 -3.52150473
  0.186029782 -3.52389951
  0.187990482 -3.52628348
  0.189942371 -3.52865673
  0.191885526 -3.53101937
  0.193820026 -3.53337148
  0.195745947 -3.53571316
  0.197663365 -3.53804451
  0.199572355 -3.5403656
  0.20147299 -3.54267654
  0.203365344 -3.54497741
  0.205249488 -3.5472683
  0.207125493 -3.54954929
  0.208993429 -3.55182047
  0.210853365 -3.55408193
  0.21270537 -3.55633374
  0.214549511 -3.55857599
  0.216385854 -3.56080876
  0.218214465 -3.56303212
  0.220035409 -3.56524617
  0.22184875 -3.56745097
  0.22365455 -3.5696466
  0.225452874 -3.57183315
  0.227243782 -3.57401067
  0.229027334 -3.57617925
  0.230803592 -3.57833897
  0.232572615 -3.58048988
  0.234334461 -3.58263207
  0.236089189 -3.58476561
  0.237836855 -3.58689056
  0.239577517 -3.58900699
  0.241311229 -3.59111498
  0.243038049 -3.59321458
  0.244758029 -3.59530586
  0.246471225 -3.5973889
  0.248177688 -3.59946375
  0.249877473 -3.60153048
  0.251570631 -3.60358916
  0.253257214 -3.60563984
  0.254937272 -3.60768258
  0.256610856 -3.60971746
  0.258278015 -3.61174452
  0.259938799 -3.61376383
  0.261593256 -3.61577545
  0.263241435 -3.61777943
  0.264883382 -3.61977584
  0.266519145 -3.62176473
  0.268148769 -3.62374615
  0.269772302 -3.62572017
  0.271389788 -3.62768683
  0.273001272 -3.6296462
  0.274606799 -3.63159832
  0.276206412 -3.63354326
  0.277800155 -3.63548105
  0.279388071 -3.63741176
  0.280970202 -3.63933544
  0.28254659 -3.64125213
  0.284117277 -3.64316189
  0.285682304 -3.64506477
  0.287241711 -3.64696082
  0.288795539 -3.64885009
  0.290343828 -3.65073261
  0.291886616 -3.65260845
  0.293423943 -3.65447765
  0.294955848 -3.65634026
  0.296482368 -3.65819632
  0.298003541 -3.66004588
  0.299519405 -3.66188898
  0.301029996 -3.66372567
  0.302535351 -3.665556
  0.304035506 -3.66738
  0.305530497 -3.66919772
  0.307020359 -3.67100921
  0.308505128 -3.6728145
  0.309984838 -3.67461365
  0.311459524 -3.67640668
  0.312929219 -3.67819364
  0.314393957 -3.67997458
  0.315853772 -3.68174954
  0.317308696 -3.68351854
  0.318758763 -3.68528164
  0.320204003 -3.68703887
  0.321644451 -3.68879028
  0.323080136 -3.69053589
  0.324511092 -3.69227575
  0.325937347 -3.6940099
  0.327358934 -3.69573837
  0.328775883 -3.6974612
  0.330188224 -3.69917843
  0.331595987 -3.70089009
  0.332999202 -3.70259622
  0.334397897 -3.70429686
  0.335792102 -3.70599204
  0.337181845 -3.70768179
  0.338567156 -3.70936615
  0.339948062 -3.71104516
  0.341324591 -3.71271884
  0.34269677 -3.71438724
  0.344064628 -3.71605038
  0.345428191 -3.7177083
  0.346787486 -3.71936103
  0.34814254 -3.7210086
  0.34949338 -3.72265105
  0.35084003 -3.72428841
  0.352182518 -3.7259207
  0.353520869 -3.72754797
  0.354855108 -3.72917023
  0.356185261 -3.73078753
  0.357511352 -3.73239988
  0.358833406 -3.73400733
  0.360151448 -3.7356099
  0.361465502 -3.73720762
  0.362775592 -3.73880052
  0.364081741 -3.74038863
  0.365383975 -3.74197198
  0.366682315 -3.7435506
  0.367976785 -3.74512451
  0.369267409 -3.74669374
  0.370554208 -3.74825832
  0.371837206 -3.74981828
  0.373116425 -3.75137365
  0.374391887 -3.75292444
  0.375663614 -3.7544707
  0.376931628 -3.75601244
  0.37819595 -3.75754969
  0.379456603 -3.75908248
  0.380713607 -3.76061084
  0.381966983 -3.76213478
  0.383216752 -3.76365434
  0.384462935 -3.76516953
  0.385705552 -3.76668039
  0.386944624 -3.76818694
  0.388180171 -3.76968921
  0.389412213 -3.77118721
  0.39064077 -3.77268098
  0.391865861 -3.77417053
  0.393087506 -3.77565589
  0.394305724 -3.77713708
  0.395520535 -3.77861413
  0.396731956 -3.78008706
  0.397940009 -3.7815559
  0.39914471 -3.78302065
  0.400346078 -3.78448136
  0.401544133 -3.78593804
  0.402738892 -3.78739071
  0.403930372 -3.78883939
  0.405118593 -3.79028411
  0.406303572 -3.79172489
  0.407485327 -3.79316175
  0.408663874 -3.79459471
  0.409839232 -3.79602379
  0.411011418 -3.79744901
  0.412180448 -3.7988704
  0.41334634 -3.80028797
  0.41450911 -3.80170174
  0.415668776 -3.80311174
  0.416825353 -3.80451799
  0.417978858 -3.8059205
  0.419129308 -3.80731929
  0.420276718 -3.80871439
  0.421421105 -3.81010581
  0.422562484 -3.81149358
  0.423700871 -3.81287771
  0.424836282 -3.81425822
  0.425968732 -3.81563513
  0.427098237 -3.81700845
  0.428224813 -3.81837822
  0.429348473 -3.81974444
  0.430469233 -3.82110714
  0.431587109 -3.82246633
  0.432702115 -3.82382202
  0.433814265 -3.82517425
  0.434923575 -3.82652302
  0.436030058 -3.82786836
  0.43713373 -3.82921028
  0.438234604 -3.83054879
  0.439332694 -3.83188392
  0.440428015 -3.83321569
  0.44152058 -3.8345441
  0.442610404 -3.83586918
  0.443697499 -3.83719094
