 -1.40823997 -1.67246577
 -1.32905872 -1.71525455
 -1.26211193 -1.75655198
 -1.20411998 -1.79671907
 -1.15296746 -1.83587192
 -1.10720997 -1.87402352
 -1.06581728 -1.91115084
 -1.02802872 -1.94722588
 -0.993266617 -1.98222878
 -0.961081934 -2.01615206
 -0.931118711 -2.04900066
 -0.903089987 -2.08079024
 -0.876761048 -2.11154492
 -0.851937465 -2.141295
 -0.828456369 -2.17007509
 -0.806179974 -2.19792243
 -0.784990675 -2.22487566
 -0.764787289 -2.25097387
 -0.745482134 -2.27625586
 -0.726998728 -2.30075967
 -0.709269961 -2.32452217
 -0.692236622 -2.34757889
 -0.675846205 -2.36996382
 -0.660051938 -2.39170939
 -0.644811972 -2.41284637
 -0.630088715 -2.43340397
 -0.615848276 -2.45340979
 -0.602059991 -2.47288992
 -0.58869603 -2.49186898
 -0.575731053 -2.51037019
 -0.563141925 -2.52841544
 -0.550907469 -2.54602538
 -0.539008246 -2.56321946
 -0.527426373 -2.58001603
 -0.516145363 -2.59643239
 -0.505149978 -2.61248483
 -0.494426113 -2.62818877
 -0.483960679 -2.64355871
 -0.473741514 -2.65860839
 -0.463757293 -2.67335075
 -0.453997456 -2.68779804
 -0.444452138 -2.70196185
 -0.435112112 -2.71585313
 -0.425968732 -2.72948224
 -0.41701389 -2.74285901
 -0.408239965 -2.75599273
 -0.399639794 -2.76889223
 -0.391206626 -2.78156586
 -0.3829341 -2.79402155
 -0.37481621 -2.80626683
 -0.36684728 -2.81830884
 -0.359021943 -2.83015438
 -0.351335114 -2.8418099
 -0.343781976 -2.85328152
 -0.336357958 -2.86457509
 -0.329058719 -2.87569613
 -0.321880135 -2.88664994
 -0.31481828 -2.89744153
 -0.30786942 -2.90807568
 -0.301029996 -2.91855696
 -0.294296613 -2.92888969
 -0.287666034 -2.93907802
 -0.281135167 -2.94912587
 -0.274701057 -2.959037
 -0.268360879 -2.96881499
 -0.26211193 -2.97846324
 -0.255951621 -2.98798498
 -0.249877473 -2.99738297
 -0.24388711 -3.00665743
 -0.23797825 -3.01578898
 -0.232148706 -3.02463488
 -0.226396377 -3.03279123
 -0.220719244 -3.04029401
 -0.215115367 -3.04755039
 -0.209582878 -3.05469462
 -0.204119983 -3.061749
 -0.198724951 -3.06871796
 -0.193396117 -3.07560346
 -0.188131877 -3.08240706
 -0.182930684 -3.08913024
 -0.177791044 -3.09577439
 -0.172711518 -3.10234088
 -0.167690717 -3.10883099
 -0.162727297 -3.115246
 -0.157819963 -3.12158712
 -0.15296746 -3.12785554
 -0.148168577 -3.13405238
 -0.143422142 -3.14017878
 -0.138727021 -3.1462358
 -0.134082116 -3.15222452
 -0.129486364 -3.15814596
 -0.124938737 -3.16400115
 -0.120438235 -3.1697911
 -0.115983894 -3.1755168
 -0.111574775 -3.18117926
 -0.10720997 -3.18677946
 -0.102888596 -3.19231844
 -0.0986097979 -3.19779723
 -0.0943727449 -3.20321692
 -0.0901766303 -3.20857865
 -0.0860206706 -3.21388369
 -0.0819041044 -3.2191335
 -0.077826192 -3.22433019
 -0.0737862142 -3.22947826
 -0.0697834717 -3.2345798
 -0.0658172845 -3.23963565
 -0.0618869909 -3.2446466
 -0.057991947 -3.24961344
 -0.0541315262 -3.25453693
 -0.0503051183 -3.25941782
 -0.0465121293 -3.26425682
 -0.0427519804 -3.26905465
 -0.0390241079 -3.27381199
 -0.0353279623 -3.27852952
 -0.0316630083 -3.28320789
 -0.0280287236 -3.28784774
 -0.0244245993 -3.29244969
 -0.020850139 -3.29701435
 -0.0173048582 -3.30154233
 -0.0137882845 -3.30603419
 -0.0102999566 -3.31049051
 -0.00683942453 -3.31491183
 -0.00340624869 -3.31929871
  0. -3.32365167
  0.00337974065 -3.32797122
  0.00673338266 -3.33225787
  0.010061326 -3.33651212
  0.0133639616 -3.34073445
  0.0166416713 -3.34492533
  0.0198948287 -3.34908522
  0.0231237988 -3.35321458
  0.0263289387 -3.35731384
  0.0295105975 -3.36138344
  0.0326691168 -3.36542381
  0.0358048306 -3.36943535
  0.038918066 -3.37341847
  0.042009143 -3.37737358
  0.0450783747 -3.38130106
  0.0481260678 -3.38520128
  0.0511525224 -3.38907463
  0.0541580326 -3.39292148
  0.0571428861 -3.39674216
  0.0601073651 -3.40053705
  0.0630517457 -3.40430649
  0.0659762988 -3.4080508
  0.0688812894 -3.41177033
  0.0717669776 -3.4154654
  0.0746336183 -3.41913631
  0.0774814612 -3.4227834
  0.0803107512 -3.42640696
  0.0831217285 -3.43000729
  0.0859146287 -3.43358469
  0.0886896828 -3.43713944
  0.0914471173 -3.44067183
  0.0941871547 -3.44418214
  0.096910013 -3.44767065
  0.0996159064 -3.45113761
  0.102305045 -3.45458329
  0.104977635 -3.45800795
  0.107633878 -3.46141185
  0.110273975 -3.46479523
  0.112898118 -3.46815835
  0.115506501 -3.47150142
  0.118099312 -3.47482471
  0.120676735 -3.47812843
  0.123238952 -3.48141282
  0.125786141 -3.48467809
  0.128318477 -3.48792448
  0.130836133 -3.49115219
  0.133339279 -3.49436144
  0.135828079 -3.49755244
  0.138302698 -3.50072539
  0.140763297 -3.5038805
  0.143210033 -3.50701797
  0.145643061 -3.51013798
  0.148062535 -3.51324073
  0.150468605 -3.51632642
  0.152861418 -3.51939523
  0.15524112 -3.52244733
  0.157607853 -3.52548292
  0.159961759 -3.52850217
  0.162302975 -3.53150524
  0.164631637 -3.53449233
  0.16694788 -3.53746358
  0.169251835 -3.54041918
  0.171543631 -3.54335928
  0.173823398 -3.54628404
  0.176091259 -3.54919363
  0.178347339 -3.55208819
  0.18059176 -3.55496789
  0.182824642 -3.55783287
  0.185046102 -3.56068329
  0.187256257 -3.56351929
  0.189455221 -3.56634101
  0.191643107 -3.5691486
  0.193820026 -3.5719422
  0.195986088 -3.57472195
  0.1981414 -3.57748797
  0.200286068 -3.58024042
  0.202420198 -3.58297942
  0.204543891 -3.58570509
  0.206657251 -3.58841758
  0.208760376 -3.591117
  0.210853365 -3.59380348
  0.212936316 -3.59647714
  0.215009325 -3.59913811
  0.217072486 -3.6017865
  0.219125891 -3.60442244
  0.221169634 -3.60704604
  0.223203804 -3.6096574
  0.22522849 -3.61225666
  0.227243782 -3.61484391
  0.229249764 -3.61741928
  0.231246524 -3.61998286
  0.233234145 -3.62253476
  0.235212711 -3.62507509
  0.237182304 -3.62760396
  0.239143005 -3.63012146
  0.241094893 -3.6326277
  0.243038049 -3.63512278
  0.244972548 -3.6376068
