 -1.49692965 -2.07130555
 -1.4177484 -2.12069828
 -1.35080161 -2.15792759
 -1.29280967 -2.19046966
 -1.24165714 -2.21987979
 -1.19589965 -2.24684585
 -1.15450697 -2.27183468
 -1.11671841 -2.29518927
 -1.0819563 -2.31716908
 -1.04977162 -2.33797504
 -1.01980839 -2.35776583
 -0.99177967 -2.37666888
 -0.965450731 -2.39478805
 -0.940627147 -2.41220905
 -0.917146051 -2.42900346
 -0.894869657 -2.4452316
 -0.873680358 -2.46094482
 -0.853476972 -2.47618718
 -0.834171816 -2.49099672
 -0.815688411 -2.5054066
 -0.797959644 -2.51944582
 -0.780926304 -2.53313993
 -0.764535888 -2.54651158
 -0.748741621 -2.5595809
 -0.733501655 -2.57236591
 -0.718778398 -2.5848828
 -0.704537959 -2.59714617
 -0.690749674 -2.60916923
 -0.677385713 -2.62096402
 -0.664420735 -2.6325415
 -0.651831608 -2.64391172
 -0.639597152 -2.65508388
 -0.627697928 -2.66606651
 -0.616116056 -2.67686743
 -0.604835045 -2.68749395
 -0.593839661 -2.69795281
 -0.583115796 -2.70825031
 -0.572650362 -2.71839235
 -0.562431197 -2.72838444
 -0.552446976 -2.73823174
 -0.542687139 -2.74793912
 -0.533141821 -2.75751117
 -0.523801794 -2.76695221
 -0.514658415 -2.77626634
 -0.505703572 -2.78545745
 -0.496929648 -2.79452923
 -0.488329476 -2.80348518
 -0.479896309 -2.81232865
 -0.471623783 -2.82106282
 -0.463505893 -2.82969076
 -0.455536963 -2.83821538
 -0.447711625 -2.84663947
 -0.440024797 -2.85496573
 -0.432471659 -2.86319672
 -0.425047641 -2.87133492
 -0.417748402 -2.87938273
 -0.410569817 -2.88734245
 -0.403507963 -2.89521628
 -0.396559103 -2.90300638
 -0.389719678 -2.91071482
 -0.382986296 -2.91834359
 -0.376355717 -2.92589463
 -0.36982485 -2.93336981
 -0.36339074 -2.94077097
 -0.357050562 -2.94809985
 -0.350801612 -2.95535816
 -0.344641304 -2.96254757
 -0.338567156 -2.96966969
 -0.332576792 -2.97672608
 -0.326667933 -2.98371827
 -0.320838389 -2.99064773
 -0.31508606 -2.9975159
 -0.309408927 -3.00432418
 -0.30380505 -3.01107395
 -0.298272561 -3.01776652
 -0.292809665 -3.02440318
 -0.287414634 -3.03098521
 -0.2820858 -3.03751382
 -0.27682156 -3.0439902
 -0.271620366 -3.05041554
 -0.266480727 -3.05679096
 -0.261401201 -3.06311757
 -0.2563804 -3.06939645
 -0.25141698 -3.07562866
 -0.246509646 -3.08181523
 -0.241657143 -3.08795715
 -0.23685826 -3.09405542
 -0.232111825 -3.10011097
 -0.227416704 -3.10612476
 -0.222771799 -3.11209768
 -0.218176047 -3.11803063
 -0.213628419 -3.12392447
 -0.209127918 -3.12978004
 -0.204673577 -3.13559818
 -0.200264458 -3.1413797
 -0.195899652 -3.14712537
 -0.191578279 -3.15283596
 -0.187299481 -3.15851224
 -0.183062428 -3.16415492
 -0.178866313 -3.16976473
 -0.174710353 -3.17534237
 -0.170593787 -3.18088851
 -0.166515875 -3.18640382
 -0.162475897 -3.19188895
 -0.158473154 -3.19734454
 -0.154506967 -3.2027712
 -0.150576674 -3.20816955
 -0.14668163 -3.21354016
 -0.142821209 -3.21888362
 -0.138994801 -3.22420049
 -0.135201812 -3.22949132
 -0.131441663 -3.23475665
 -0.127713791 -3.23999699
 -0.124017645 -3.24521287
 -0.120352691 -3.25040478
 -0.116718406 -3.2555732
 -0.113114282 -3.26071862
 -0.109539822 -3.26584149
 -0.105994541 -3.27094227
 -0.102477967 -3.2760214
 -0.0989896394 -3.28107932
 -0.0955291073 -3.28611645
 -0.0920959315 -3.29113319
 -0.0886896828 -3.29612995
 -0.0853099421 -3.30110711
 -0.0819563001 -3.30606507
 -0.0786283568 -3.3110042
 -0.0753257212 -3.31592486
 -0.0720480114 -3.3208274
 -0.068794854 -3.32571217
 -0.0655658839 -3.33057951
 -0.062360744 -3.33542976
 -0.0591790853 -3.34026322
 -0.056020566 -3.34508023
 -0.0528848522 -3.34988108
 -0.0497716167 -3.35466607
 -0.0466805398 -3.3594355
 -0.043611308 -3.36418965
 -0.0405636149 -3.3689288
 -0.0375371603 -3.37365322
 -0.0345316502 -3.37836318
 -0.0315467966 -3.38305893
 -0.0285823177 -3.38774073
 -0.025637937 -3.39240882
 -0.022713384 -3.39706344
 -0.0198083934 -3.40170483
 -0.0169227051 -3.40633321
 -0.0140560645 -3.41094881
 -0.0112082216 -3.41555184
 -0.00837893157 -3.42014253
 -0.00556795424 -3.42472106
 -0.00277505405 -3.42928765
  0. -3.4338425
  0.00275743455 -3.43838578
  0.00549747191 -3.4429177
  0.00822033025 -3.44743844
  0.0109262236 -3.45194817
  0.0136153621 -3.45644706
  0.016287952 -3.46093529
  0.0189441956 -3.46541302
  0.0215842918 -3.46988041
  0.0242084356 -3.47433763
  0.0268168187 -3.47878482
  0.0294096293 -3.48322213
  0.0319870522 -3.48764971
  0.034549269 -3.4920677
  0.037096458 -3.49647625
  0.0396287945 -3.50087548
  0.0421464507 -3.50526553
  0.0446495959 -3.50964653
  0.0471383963 -3.5140186
  0.0496130154 -3.51838187
  0.052073614 -3.52273646
  0.0545203499 -3.52708247
  0.0569533786 -3.53142004
  0.0593728527 -3.53574926
  0.0617789225 -3.54007025
  0.0641717356 -3.54438311
  0.0665514373 -3.54868795
  0.0689181706 -3.55298486
  0.071272076 -3.55727395
  0.0736132918 -3.56155531
  0.0759419541 -3.56582902
  0.0782581969 -3.5700952
  0.0805621518 -3.57435391
  0.0828539485 -3.57860525
  0.0851337148 -3.58284931
  0.0874015763 -3.58708617
  0.0896576566 -3.5913159
  0.0919020775 -3.59553858
  0.094134959 -3.5997543
  0.0963564189 -3.60396312
  0.0985665738 -3.60816513
  0.100765538 -3.61236038
  0.102953424 -3.61654895
  0.105130343 -3.62073091
  0.107296405 -3.62490632
  0.109451717 -3.62907525
  0.111596386 -3.63323776
  0.113730515 -3.63739391
  0.115854209 -3.64154377
  0.117967568 -3.64568738
  0.120070693 -3.64982481
  0.122163683 -3.65395611
  0.124246634 -3.65808134
  0.126319642 -3.66220055
  0.128382803 -3.66631378
  0.130436209 -3.6704211
  0.132479951 -3.67452255
  0.134514121 -3.67861818
  0.136538808 -3.68270803
  0.138554099 -3.68679216
  0.140560081 -3.6908706
  0.142556841 -3.6949434
  0.144544462 -3.6990106
  0.146523028 -3.70307224
  0.148492621 -3.70712837
  0.150453322 -3.71117902
  0.152405211 -3.71522423
  0.154348366 -3.71926405
  0.156282866 -3.72329849
  0.158208787 -3.72732761
  0.160126205 -3.73135144
  0.162035195 -3.73537001
  0.16393583 -3.73938336
  0.165828184 -3.74339151
  0.167712327 -3.7473945
  0.169588332 -3.75139237
  0.171456269 -3.75538513
  0.173316205 -3.75937283
  0.17516821 -3.76335548
  0.177012351 -3.76733313
  0.178848694 -3.77130579
  0.180677305 -3.77527349
  0.182498249 -3.77923627
  0.184311589 -3.78319414
  0.18611739 -3.78714713
  0.187915714 -3.79109526
  0.189706621 -3.79503857
  0.191490174 -3.79897707
  0.193266432 -3.80291079
  0.195035455 -3.80683975
  0.196797301 -3.81076397
  0.198552028 -3.81468347
  0.200299695 -3.81859827
  0.202040356 -3.82250841
  0.203774069 -3.82641388
  0.205500888 -3.83031472
  0.207220869 -3.83421095
  0.208934064 -3.83810258
  0.210640528 -3.84198963
  0.212340313 -3.84587212
  0.214033471 -3.84975007
  0.215720054 -3.85362349
  0.217400112 -3.8574924
  0.219073696 -3.86135683
  0.220740855 -3.86521678
  0.222401639 -3.86907227
  0.224056096 -3.87292331
  0.225704274 -3.87676993
  0.227346222 -3.88061214
  0.228981984 -3.88444994
  0.230611609 -3.88828337
  0.232235142 -3.89211242
  0.233852628 -3.89593712
  0.235464112 -3.89975747
  0.237069638 -3.9035735
  0.238669252 -3.90738521
  0.240262995 -3.91119261
  0.24185091 -3.91499573
  0.243433041 -3.91879457
  0.24500943 -3.92258914
  0.246580117 -3.92637946
  0.248145144 -3.93016554
  0.249704551 -3.93394738
  0.251258379 -3.937725
  0.252806667 -3.94149842
  0.254349456 -3.94526764
  0.255886783 -3.94903267
  0.257418688 -3.95279352
  0.258945208 -3.95655021
  0.260466381 -3.96030274
  0.261982244 -3.96405112
  0.263492835 -3.96779537
  0.26499819 -3.97153549
  0.266498345 -3.97527149
  0.267993337 -3.97900339
  0.269483199 -3.98273118
  0.270967968 -3.98645489
  0.272447678 -3.99017451
  0.273922364 -3.99389006
  0.275392059 -3.99760155
  0.276856797 -4.00130898
  0.278316612 -4.00501237
  0.279771536 -4.00871172
  0.281221602 -4.01240703
