 -1.44270369 -1.15674466
 -1.33355922 -1.71387357
 -1.24640904 -1.96009393
 -1.17385838 -2.07297042
 -1.11171047 -2.13930936
 -1.05735281 -2.18873529
 -1.00904813 -2.23124527
 -0.965582435 -2.27077741
 -0.926073894 -2.30921153
 -0.889861721 -2.3476457
 -0.856437966 -2.38686671
 -0.825403732 -2.427556
 -0.796440036 -2.47040319
 -0.76928779 -2.51619154
 -0.743733686 -2.56588653
 -0.719600006 -2.62075025
 -0.696737123 -2.68250179
 -0.675017873 -2.75352263
 -0.654333274 -2.83692283
 -0.634589216 -2.93493155
 -0.615703872 -3.03143836
 -0.59760565 -3.04664632
 -0.580231554 -3.05760931
 -0.56352586 -3.06794899
 -0.54743904 -3.07773256
 -0.531926874 -3.08701717
 -0.516949718 -3.09585182
 -0.502471895 -3.10427877
 -0.48846118 -3.11233469
 -0.474888373 -3.1200516
 -0.461726927 -3.12745757
 -0.448952639 -3.13457737
 -0.436543381 -3.14143294
 -0.42447887 -3.14804379
 -0.412740467 -3.15442737
 -0.401311005 -3.16059929
 -0.390174639 -3.16657365
 -0.379316711 -3.17236314
 -0.368723638 -3.17797927
 -0.358382804 -3.18343253
 -0.348282477 -3.18873243
 -0.338411723 -3.19388772
 -0.328760338 -3.19890638
 -0.319318781 -3.20379581
 -0.310078125 -3.20856282
 -0.301029996 -3.2132138
 -0.292166535 -3.21775485
 -0.283480356 -3.22219189
 -0.274964505 -3.22653103
 -0.266612431 -3.23077903
 -0.258417952 -3.23494413
 -0.250375232 -3.23903749
 -0.242478751 -3.24307557
 -0.234723286 -3.2470839
 -0.22710389 -3.25110256
 -0.219615868 -3.25519286
 -0.212254769 -3.259442
 -0.20501636 -3.2639588
 -0.197896618 -3.26885104
 -0.190891717 -3.27418599
 -0.183998009 -3.2799575
 -0.17721202 -3.28608862
 -0.170530434 -3.29246738
 -0.163950089 -3.29898535
 -0.157467961 -3.30555794
 -0.151081163 -3.31212734
 -0.14478693 -3.31865719
 -0.138582617 -3.32512605
 -0.132465692 -3.33152194
 -0.126433728 -3.33783871
 -0.120484395 -3.34407368
 -0.114615462 -3.35022618
 -0.108824783 -3.35629674
 -0.103110299 -3.36228652
 -0.0974700318 -3.36819707
 -0.0919020775 -3.37403011
 -0.0864046056 -3.37978744
 -0.0809758539 -3.38547089
 -0.0756141255 -3.39108226
 -0.0703177857 -3.39662333
 -0.0650852588 -3.40209582
 -0.0599150253 -3.40750141
 -0.0548056195 -3.41284172
 -0.0497556268 -3.41811831
 -0.0447636812 -3.42333271
 -0.0398284636 -3.42848637
 -0.034948699 -3.4335807
 -0.0301231551 -3.43861707
 -0.0253506402 -3.44359679
 -0.0206300015 -3.44852114
 -0.0159601234 -3.45339135
 -0.0113399258 -3.4582086
 -0.00676836268 -3.46297404
 -0.00224442092 -3.4676888
  0.00223288143 -3.47235394
  0.00666449623 -3.47697051
  0.0110513465 -3.48153952
  0.0153943275 -3.48606195
  0.019694308 -3.49053874
  0.0239521311 -3.49497082
  0.0281686155 -3.49935908
  0.0323445562 -3.50370437
  0.0364807254 -3.50800755
  0.0405778735 -3.51226943
  0.04463673 -3.5164908
  0.0486580039 -3.52067242
  0.0526423849 -3.52481505
  0.0565905438 -3.52891941
  0.0605031331 -3.53298621
  0.0643807882 -3.53701613
  0.0682241273 -3.54100984
  0.0720337524 -3.54496799
  0.07581025 -3.54889121
  0.0795541911 -3.55278012
  0.0832661323 -3.55663531
  0.0869466161 -3.56045738
  0.090596171 -3.56424688
  0.0942153126 -3.56800437
  0.0978045437 -3.57173039
  0.101364354 -3.57542548
  0.104895223 -3.57909013
  0.108397617 -3.58272485
  0.111871992 -3.58633012
  0.115318791 -3.58990644
  0.118738451 -3.59345425
  0.122131393 -3.59697401
  0.125498034 -3.60046616
  0.128838777 -3.60393114
  0.132154019 -3.60736937
  0.135444144 -3.61078125
  0.138709531 -3.6141672
  0.14195055 -3.61752761
  0.145167561 -3.62086286
  0.148360917 -3.62417332
  0.151530964 -3.62745936
  0.154678039 -3.63072135
  0.157802473 -3.63395964
  0.16090459 -3.63717456
  0.163984706 -3.64036645
  0.16704313 -3.64353565
  0.170080167 -3.64668247
  0.173096113 -3.64980724
  0.176091259 -3.65291025
  0.17906589 -3.65599181
  0.182020286 -3.65905222
  0.184954719 -3.66209177
  0.187869458 -3.66511073
  0.190764766 -3.6681094
  0.193640899 -3.67108803
  0.196498109 -3.67404691
  0.199336646 -3.67698628
  0.202156749 -3.6799064
  0.204958659 -3.68280754
  0.207742608 -3.68568992
  0.210508824 -3.6885538
  0.213257532 -3.69139941
  0.215988953 -3.69422699
  0.218703302 -3.69703676
  0.221400792 -3.69982894
  0.224081631 -3.70260376
  0.226746023 -3.70536143
  0.229394168 -3.70810217
  0.232026264 -3.71082617
  0.234642504 -3.71353364
  0.237243077 -3.71622479
  0.239828171 -3.71889981
  0.242397968 -3.72155889
  0.244952649 -3.72420223
  0.24749239 -3.72683
  0.250017365 -3.72944239
  0.252527745 -3.73203959
  0.255023697 -3.73462176
  0.257505387 -3.73718908
  0.259972975 -3.73974172
  0.262426623 -3.74227985
  0.264866486 -3.74480363
  0.267292719 -3.74731322
  0.269705472 -3.74980879
  0.272104895 -3.75229049
  0.274491135 -3.75475847
  0.276864334 -3.75721289
  0.279224636 -3.75965389
  0.28157218 -3.76208161
  0.283907102 -3.76449622
  0.286229538 -3.76689784
  0.28853962 -3.76928661
  0.29083748 -3.77166267
  0.293123246 -3.77402616
  0.295397044 -3.77637721
  0.297659 -3.77871595
  0.299909235 -3.78104251
  0.302147871 -3.78335701
  0.304375027 -3.78565958
  0.30659082 -3.78795035
  0.308795366 -3.79022942
  0.310988777 -3.79249693
  0.313171166 -3.79475299
  0.315342643 -3.79699771
  0.317503316 -3.79923121
  0.319653293 -3.8014536
  0.321792679 -3.80366499
  0.323921578 -3.80586549
  0.326040092 -3.8080552
  0.328148322 -3.81023424
  0.330246367 -3.8124027
  0.332334325 -3.81456068
  0.334412293 -3.8167083
  0.336480366 -3.81884564
  0.338538637 -3.82097281
  0.3405872 -3.8230899
  0.342626145 -3.82519701
  0.344655562 -3.82729423
  0.34667554 -3.82938166
  0.348686166 -3.83145938
  0.350687527 -3.83352748
  0.352679707 -3.83558606
  0.35466279 -3.8376352
  0.35663686 -3.83967499
  0.358601996 -3.84170551
  0.360558281 -3.84372685
  0.362505793 -3.84573909
  0.364444611 -3.84774231
  0.366374812 -3.84973659
  0.368296472 -3.85172202
  0.370209667 -3.85369866
  0.37211447 -3.8556666
  0.374010956 -3.85762592
  0.375899195 -3.85957669
  0.377779261 -3.86151898
  0.379651223 -3.86345286
  0.381515151 -3.86537842
  0.383371113 -3.86729572
  0.385219177 -3.86920483
  0.387059411 -3.87110582
  0.38889188 -3.87299877
  0.390716649 -3.87488373
  0.392533783 -3.87676078
  0.394343346 -3.87862998
  0.396145401 -3.8804914
  0.397940009 -3.8823451
  0.399727231 -3.88419115
  0.401507129 -3.88602961
  0.403279762 -3.88786053
  0.405045189 -3.889684
  0.406803469 -3.89150005
  0.408554659 -3.89330876
  0.410298816 -3.89511018
  0.412035996 -3.89690438
  0.413766255 -3.8986914
  0.415489648 -3.90047131
  0.417206229 -3.90224416
  0.418916052 -3.90401001
  0.42061917 -3.90576892
  0.422315635 -3.90752094
  0.424005499 -3.90926611
