 -1.5276299 -1.95884925
 -1.44844865 -2.10426026
 -1.38150187 -2.15553237
 -1.32350992 -2.14554326
 -1.2723574 -2.13815572
 -1.22659991 -2.1405248
 -1.18520722 -2.14931333
 -1.14741866 -2.16232322
 -1.11265655 -2.17808463
 -1.08047187 -2.19560194
 -1.05050865 -2.21419356
 -1.02247992 -2.23338905
 -0.996150984 -2.25286199
 -0.9713274 -2.27238534
 -0.947846304 -2.29180144
 -0.92556991 -2.31100154
 -0.90438061 -2.32991158
 -0.884177224 -2.34848234
 -0.864872069 -2.36668243
 -0.846388663 -2.38449325
 -0.828659897 -2.40190549
 -0.811626557 -2.41891645
 -0.795236141 -2.43552821
 -0.779441874 -2.45174618
 -0.764201907 -2.46757817
 -0.74947865 -2.48303356
 -0.735238211 -2.49812276
 -0.721449927 -2.51285685
 -0.708085965 -2.52724722
 -0.695120988 -2.54130537
 -0.682531861 -2.55504277
 -0.670297404 -2.56847071
 -0.658398181 -2.58160024
 -0.646816309 -2.59444211
 -0.635535298 -2.60700673
 -0.624539914 -2.61930412
 -0.613816048 -2.63134397
 -0.603350615 -2.64313555
 -0.59313145 -2.65468776
 -0.583147229 -2.66600913
 -0.573387391 -2.67710783
 -0.563842074 -2.68799167
 -0.554502047 -2.6986681
 -0.545358668 -2.70914427
 -0.536403825 -2.71942699
 -0.527629901 -2.72952277
 -0.519029729 -2.73943785
 -0.510596562 -2.74917817
 -0.502324036 -2.75874942
 -0.494206145 -2.76815705
 -0.486237216 -2.77740625
 -0.478411878 -2.786502
 -0.47072505 -2.79544906
 -0.463171912 -2.804252
 -0.455747894 -2.81291519
 -0.448448655 -2.8214428
 -0.44127007 -2.82983885
 -0.434208216 -2.8381072
 -0.427259356 -2.84625153
 -0.420419931 -2.8542754
 -0.413686549 -2.86218221
 -0.40705597 -2.86997524
 -0.400525103 -2.87765765
 -0.394090993 -2.88523246
 -0.387750814 -2.89270262
 -0.381501865 -2.90007093
 -0.375341556 -2.90734014
 -0.369267409 -2.91451287
 -0.363277045 -2.92159169
 -0.357368185 -2.92857906
 -0.351538642 -2.9354774
 -0.345786313 -2.94228904
 -0.34010918 -2.94901628
 -0.334505303 -2.95566134
 -0.328972814 -2.96222643
 -0.323509918 -2.96871369
 -0.318114886 -2.97512526
 -0.312786053 -2.98146325
 -0.307521813 -2.98772976
 -0.302320619 -2.9939269
 -0.297180979 -3.00005678
 -0.292101454 -3.00612154
 -0.287080653 -3.01212335
 -0.282117233 -3.01806442
 -0.277209899 -3.02394702
 -0.272357396 -3.02977352
 -0.267558513 -3.03554634
 -0.262812078 -3.04126804
 -0.258116957 -3.04694126
 -0.253472052 -3.05256882
 -0.2488763 -3.05815365
 -0.244328672 -3.06369887
 -0.239828171 -3.06920777
 -0.23537383 -3.07468383
 -0.230964711 -3.0801307
 -0.226599905 -3.08555227
 -0.222278531 -3.09095258
 -0.217999733 -3.09633588
 -0.213762681 -3.10170658
 -0.209566566 -3.10706922
 -0.205410606 -3.11242843
 -0.20129404 -3.11778889
 -0.197216128 -3.12315527
 -0.19317615 -3.12853215
 -0.189173407 -3.13392395
 -0.18520722 -3.13933482
 -0.181276926 -3.14476857
 -0.177381883 -3.15022858
 -0.173521462 -3.15571771
 -0.169695054 -3.16123824
 -0.165902065 -3.16679177
 -0.162141916 -3.17237926
 -0.158414043 -3.17800094
 -0.154717898 -3.18365634
 -0.151052944 -3.18934436
 -0.147418659 -3.19506326
 -0.143814535 -3.20081077
 -0.140240075 -3.20658414
 -0.136694794 -3.21238026
 -0.13317822 -3.21819574
 -0.129689892 -3.22402699
 -0.12622936 -3.22987033
 -0.122796184 -3.23572203
 -0.119389936 -3.24157843
 -0.116010195 -3.24743595
 -0.112656553 -3.25329117
 -0.10932861 -3.25914082
 -0.106025974 -3.26498187
 -0.102748264 -3.27081149
 -0.0994951068 -3.27662708
 -0.0962661367 -3.28242629
 -0.0930609968 -3.28820697
 -0.0898793381 -3.29396721
 -0.0867208188 -3.29970531
 -0.083585105 -3.30541975
 -0.0804718695 -3.31110922
 -0.0773807926 -3.31677256
 -0.0743115608 -3.32240879
 -0.0712638677 -3.32801706
 -0.0682374131 -3.33359666
 -0.065231903 -3.33914699
 -0.0622470494 -3.34466756
 -0.0592825705 -3.35015799
 -0.0563381898 -3.35561795
 -0.0534136368 -3.36104722
 -0.0505086462 -3.36644564
 -0.0476229579 -3.3718131
 -0.0447563173 -3.37714955
 -0.0419084744 -3.38245498
 -0.0390791844 -3.38772944
 -0.036268207 -3.39297299
 -0.0334753069 -3.39818574
 -0.0307002528 -3.40336781
 -0.0279428183 -3.40851935
 -0.0252027809 -3.41364056
 -0.0224799226 -3.4187316
 -0.0197740292 -3.42379269
 -0.0170848907 -3.42882405
 -0.0144123008 -3.43382591
 -0.0117560572 -3.4387985
 -0.00911596099 -3.44374208
 -0.00649181717 -3.44865688
 -0.00388343406 -3.45354318
 -0.00129062348 -3.45840122
  0.00128679941 -3.46323127
  0.00384901617 -3.4680336
  0.00639620518 -3.47280848
  0.0089285417 -3.47755616
  0.0114461979 -3.48227692
  0.0139493431 -3.48697103
  0.0164381435 -3.49163875
  0.0189127626 -3.49628035
  0.0213733612 -3.50089608
  0.0238200971 -3.50548622
  0.0262531258 -3.51005102
  0.0286725999 -3.51459075
  0.0310786697 -3.51910565
  0.0334714828 -3.52359598
  0.0358511845 -3.52806199
  0.0382179178 -3.53250394
  0.0405718232 -3.53692206
  0.042913039 -3.5413166
  0.0452417013 -3.5456878
  0.0475579441 -3.55003589
  0.049861899 -3.55436112
  0.0521536957 -3.55866372
  0.054433462 -3.5629439
  0.0567013235 -3.5672019
  0.0589574038 -3.57143795
  0.0612018247 -3.57565225
  0.0634347062 -3.57984503
  0.0656561661 -3.58401651
  0.067866321 -3.58816689
  0.0700652851 -3.59229638
  0.0722531712 -3.59640518
  0.0744300905 -3.60049351
  0.0765961522 -3.60456156
  0.0787514642 -3.60860953
  0.0808961327 -3.61263761
  0.0830302622 -3.616646
  0.0851539558 -3.62063488
  0.0872673152 -3.62460445
  0.0893704402 -3.62855488
  0.0914634298 -3.63248635
  0.0935463809 -3.63639906
  0.0956193895 -3.64029317
  0.0976825501 -3.64416886
  0.0997359557 -3.6480263
  0.101779698 -3.65186566
  0.103813868 -3.65568711
  0.105838555 -3.65949082
  0.107853846 -3.66327694
  0.109859829 -3.66704564
  0.111856588 -3.67079708
  0.11384421 -3.67453141
  0.115822776 -3.67824879
  0.117792368 -3.68194937
  0.119753069 -3.6856333
  0.121704958 -3.68930073
  0.123648113 -3.69295181
  0.125582613 -3.69658668
  0.127508534 -3.70020548
  0.129425952 -3.70380836
  0.131334942 -3.70739545
  0.133235577 -3.71096689
  0.135127931 -3.71452282
  0.137012075 -3.71806336
  0.13888808 -3.72158866
  0.140756016 -3.72509885
  0.142615952 -3.72859404
  0.144467957 -3.73207438
  0.146312098 -3.73553997
  0.148148441 -3.73899096
  0.149977052 -3.74242746
  0.151797996 -3.74584959
  0.153611337 -3.74925747
  0.155417137 -3.75265121
  0.157215461 -3.75603095
  0.159006368 -3.75939678
  0.160789921 -3.76274883
  0.162566179 -3.76608721
