 -1.47275645 -2.06946426
 -1.3935752 -2.13068389
 -1.32662841 -2.18286288
 -1.26863647 -2.22846668
 -1.21748394 -2.26907946
 -1.17172645 -2.30577741
 -1.13033377 -2.33932332
 -1.09254521 -2.3702763
 -1.0577831 -2.39905743
 -1.02559842 -2.42599115
 -0.995635195 -2.45133225
 -0.967606471 -2.47528426
 -0.941277532 -2.49801214
 -0.916453949 -2.51965139
 -0.892972853 -2.54031462
 -0.870696458 -2.5600965
 -0.849507159 -2.57907737
 -0.829303773 -2.59732606
 -0.809998618 -2.61490206
 -0.791515212 -2.63185716
 -0.773786445 -2.64823682
 -0.756753106 -2.66408117
 -0.740362689 -2.67942591
 -0.724568422 -2.69430293
 -0.709328456 -2.70874089
 -0.694605199 -2.72276569
 -0.68036476 -2.73640081
 -0.666576475 -2.74966764
 -0.653212514 -2.76258574
 -0.640247537 -2.77517307
 -0.627658409 -2.78744615
 -0.615423953 -2.79942023
 -0.60352473 -2.81110943
 -0.591942857 -2.82252688
 -0.580661847 -2.83368475
 -0.569666462 -2.84459442
 -0.558942597 -2.85526652
 -0.548477163 -2.86571097
 -0.538257998 -2.87593711
 -0.528273777 -2.88595368
 -0.51851394 -2.89576892
 -0.508968622 -2.90539058
 -0.499628596 -2.91482596
 -0.490485216 -2.92408199
 -0.481530374 -2.93316517
 -0.472756449 -2.9420817
 -0.464156278 -2.95083743
 -0.45572311 -2.95943792
 -0.447450584 -2.96788843
 -0.439332694 -2.97619397
 -0.431363764 -2.98435932
 -0.423538427 -2.99238902
 -0.415851598 -3.00028737
 -0.40829846 -3.00805852
 -0.400874442 -3.01570638
 -0.393575203 -3.02323473
 -0.386396619 -3.03064714
 -0.379334764 -3.03794705
 -0.372385904 -3.04513775
 -0.36554648 -3.05222237
 -0.358813097 -3.05920394
 -0.352182518 -3.06608534
 -0.345651651 -3.07286934
 -0.339217541 -3.0795586
 -0.332877363 -3.08615568
 -0.326628414 -3.09266302
 -0.320468105 -3.09908298
 -0.314393957 -3.10541784
 -0.308403594 -3.11166976
 -0.302494734 -3.11784086
 -0.29666519 -3.12393316
 -0.290912861 -3.1299486
 -0.285235728 -3.13588906
 -0.279631851 -3.14175635
 -0.274099362 -3.14755222
 -0.268636467 -3.15327837
 -0.263241435 -3.1589364
 -0.257912601 -3.16452791
 -0.252648361 -3.1700544
 -0.247447168 -3.17551735
 -0.242307528 -3.18091819
 -0.237228002 -3.18625828
 -0.232207201 -3.19153901
 -0.227243782 -3.19676177
 -0.222336447 -3.2019283
 -0.217483944 -3.20704146
 -0.212685061 -3.21210832
 -0.207938626 -3.21715015
 -0.203243505 -3.22223297
 -0.1985986 -3.2275364
 -0.194002848 -3.23338403
 -0.189455221 -3.23996274
 -0.184954719 -3.24704543
 -0.180500378 -3.25431199
 -0.176091259 -3.26159486
 -0.171726454 -3.26883403
 -0.16740508 -3.27601122
 -0.163126282 -3.28312168
 -0.158889229 -3.29016483
 -0.154693114 -3.29714138
 -0.150537155 -3.30405238
 -0.146420588 -3.31089899
 -0.142342676 -3.31768238
 -0.138302698 -3.32440368
 -0.134299956 -3.33106402
 -0.130333768 -3.33766447
 -0.126403475 -3.34420611
 -0.122508431 -3.35068996
 -0.11864801 -3.35711703
 -0.114821602 -3.36348829
 -0.111028613 -3.36980471
 -0.107268464 -3.37606721
 -0.103540592 -3.3822767
 -0.0998444463 -3.38843406
 -0.0961794923 -3.39454016
 -0.0925452076 -3.40059584
 -0.0889410833 -3.40660192
 -0.085366623 -3.41255919
 -0.0818213422 -3.41846845
 -0.0783047685 -3.42433046
 -0.0748164406 -3.43014596
 -0.0713559085 -3.43591567
 -0.0679227327 -3.44164032
 -0.064516484 -3.4473206
 -0.0611367434 -3.45295718
 -0.0577831013 -3.45855072
 -0.054455158 -3.46410189
 -0.0511525224 -3.46961131
 -0.0478748127 -3.4750796
 -0.0446216553 -3.48050736
 -0.0413926852 -3.4858952
 -0.0381875453 -3.49124369
 -0.0350058865 -3.4965534
 -0.0318473673 -3.50182489
 -0.0287116534 -3.50705869
 -0.025598418 -3.51225535
 -0.022507341 -3.51741538
 -0.0194381093 -3.52253929
 -0.0163904162 -3.52762759
 -0.0133639616 -3.53268075
 -0.0103584514 -3.53769928
 -0.00737359787 -3.54268362
 -0.00440911891 -3.54763425
 -0.00146473826 -3.55255161
  0.00145981476 -3.55743614
  0.0043648054 -3.56228829
  0.00725049364 -3.56710847
  0.0101171343 -3.5718971
  0.0129649772 -3.5766546
  0.0157942672 -3.58138135
  0.0186052445 -3.58607776
  0.0213981447 -3.59074421
  0.0241731988 -3.59538107
  0.0269306333 -3.59998873
  0.0296706707 -3.60456754
  0.032393529 -3.60911786
  0.0350994224 -3.61364005
  0.0377885609 -3.61813444
  0.0404611508 -3.62260138
  0.0431173944 -3.62704119
  0.0457574906 -3.63145421
  0.0483816344 -3.63584076
  0.0509900175 -3.64020114
  0.0535828281 -3.64453567
  0.056160251 -3.64884466
  0.0587224677 -3.65312839
  0.0612696567 -3.65738717
  0.0638019933 -3.66162129
  0.0663196495 -3.66583101
  0.0688227946 -3.67001663
  0.071311595 -3.67417842
  0.0737862142 -3.67831665
  0.0762468127 -3.68243157
  0.0786935487 -3.68652346
  0.0811265773 -3.69059256
  0.0835460515 -3.69463913
  0.0859521212 -3.69866342
  0.0883449343 -3.70266567
  0.0907246361 -3.70664611
  0.0930913694 -3.71060499
  0.0954452747 -3.71454254
  0.0977864906 -3.71845898
  0.100115153 -3.72235454
  0.102431396 -3.72622944
  0.104735351 -3.73008389
  0.107027147 -3.73391812
  0.109306914 -3.73773233
  0.111574775 -3.74152673
  0.113830855 -3.74530152
  0.116075276 -3.7490569
  0.118308158 -3.75279308
  0.120529618 -3.75651024
  0.122739773 -3.76020859
  0.124938737 -3.7638883
  0.127126623 -3.76754956
  0.129303542 -3.77119257
  0.131469604 -3.7748175
  0.133624916 -3.77842452
  0.135769584 -3.78201381
  0.137903714 -3.78558555
  0.140027407 -3.78913991
  0.142140767 -3.79267705
  0.144243892 -3.79619715
  0.146336881 -3.79970035
  0.148419832 -3.80318683
  0.150492841 -3.80665674
  0.152556002 -3.81011025
  0.154609407 -3.81354749
  0.15665315 -3.81696863
  0.15868732 -3.82037382
  0.160712006 -3.82376319
  0.162727297 -3.82713691
  0.16473328 -3.83049511
  0.16673004 -3.83383794
  0.168717661 -3.83716553
  0.170696227 -3.84047802
  0.17266582 -3.84377555
  0.174626521 -3.84705825
  0.176578409 -3.85032625
  0.178521565 -3.8535797
  0.180456064 -3.8568187
  0.182381985 -3.8600434
  0.184299404 -3.86325392
  0.186208393 -3.86645038
  0.188109029 -3.86963291
  0.190001382 -3.87280161
  0.191885526 -3.87595663
  0.193761531 -3.87909806
  0.195629467 -3.88222603
  0.197489404 -3.88534066
  0.199341409 -3.88844205
  0.201185549 -3.89153031
  0.203021892 -3.89460557
  0.204850503 -3.89766792
  0.206671447 -3.90071748
  0.208484788 -3.90375435
