 -1.43933269 -2.28860403
 -1.36015145 -2.35307494
 -1.29320466 -2.40758217
 -1.23521271 -2.45479631
 -1.18406019 -2.49643995
 -1.1383027 -2.53368926
 -1.09691001 -2.56738315
 -1.05912145 -2.59814105
 -1.02435935 -2.62643335
 -0.992174662 -2.65262571
 -0.962211439 -2.67700798
 -0.934182716 -2.69981383
 -0.907853777 -2.7212344
 -0.883030193 -2.74142801
 -0.859549097 -2.76052729
 -0.837272703 -2.77864444
 -0.816083403 -2.79587523
 -0.795880017 -2.81230204
 -0.776574862 -2.82799629
 -0.758091456 -2.84302025
 -0.740362689 -2.85742858
 -0.72332935 -2.87126948
 -0.706938934 -2.88458573
 -0.691144667 -2.8974154
 -0.6759047 -2.90979259
 -0.661181443 -2.92174789
 -0.646941004 -2.93330892
 -0.63315272 -2.94450064
 -0.619788758 -2.95534573
 -0.606823781 -2.96586481
 -0.594234654 -2.97607673
 -0.582000197 -2.98599873
 -0.570100974 -2.99564666
 -0.558519102 -3.00503507
 -0.547238091 -3.01417739
 -0.536242707 -3.02308604
 -0.525518841 -3.03177251
 -0.515053408 -3.04024745
 -0.504834243 -3.04852077
 -0.494850022 -3.05660171
 -0.485090184 -3.06449886
 -0.475544866 -3.07222026
 -0.46620484 -3.07977344
 -0.457061461 -3.08716544
 -0.448106618 -3.09440288
 -0.439332694 -3.10149198
 -0.430732522 -3.1084386
 -0.422299355 -3.11524827
 -0.414026829 -3.12192623
 -0.405908938 -3.12847744
 -0.397940009 -3.13490664
 -0.390114671 -3.14121839
 -0.382427842 -3.14741709
 -0.374874705 -3.15350704
 -0.367450687 -3.15949253
 -0.360151448 -3.16537793
 -0.352972863 -3.17116782
 -0.345911009 -3.17686711
 -0.338962149 -3.18248137
 -0.332122724 -3.18801705
 -0.325389342 -3.19348195
 -0.318758763 -3.19888579
 -0.312227895 -3.20424096
 -0.305793785 -3.20956343
 -0.299453607 -3.21487404
 -0.293204658 -3.22019988
 -0.287044349 -3.22557591
 -0.280970202 -3.23104659
 -0.274979838 -3.23666704
 -0.269070978 -3.24250331
 -0.263241435 -3.2486308
 -0.257489106 -3.25513008
 -0.251811973 -3.26207966
 -0.246208095 -3.26954614
 -0.240675607 -3.27757381
 -0.235212711 -3.28617651
 -0.229817679 -3.29533477
 -0.224488846 -3.30499909
 -0.219224606 -3.31509841
 -0.214023412 -3.32555065
 -0.208883772 -3.33627246
 -0.203804247 -3.34718645
 -0.198783446 -3.35822523
 -0.193820026 -3.36933285
 -0.188912692 -3.38046462
 -0.184060189 -3.39158577
 -0.179261306 -3.4026699
 -0.174514871 -3.41369739
 -0.16981975 -3.42465387
 -0.165174845 -3.43552909
 -0.160579093 -3.44631586
 -0.156031465 -3.45700935
 -0.151530964 -3.46760647
 -0.147076622 -3.47810538
 -0.142667504 -3.48850524
 -0.138302698 -3.49880587
 -0.133981324 -3.50900763
 -0.129702526 -3.51911123
 -0.125465473 -3.52911765
 -0.121269359 -3.53902806
 -0.117113399 -3.54884374
 -0.112996833 -3.55856607
 -0.10891892 -3.56819649
 -0.104878943 -3.57773646
 -0.1008762 -3.58718745
 -0.096910013 -3.59655095
 -0.0929797194 -3.60582841
 -0.0890846755 -3.61502129
 -0.0852242547 -3.62413102
 -0.0813978468 -3.63315901
 -0.0776048578 -3.64210664
 -0.0738447089 -3.65097527
 -0.0701168364 -3.65976622
 -0.0664206909 -3.66848079
 -0.0627557368 -3.67712025
 -0.0591214521 -3.68568584
 -0.0555173278 -3.69417877
 -0.0519428675 -3.70260023
 -0.0483975867 -3.71095137
 -0.044881013 -3.71923333
 -0.0413926852 -3.7274472
 -0.037932153 -3.73559406
 -0.0344989772 -3.74367498
 -0.0310927285 -3.75169097
 -0.0277129879 -3.75964305
 -0.0243593459 -3.76753219
 -0.0210314025 -3.77535937
 -0.017728767 -3.7831255
 -0.0144510572 -3.79083153
 -0.0111978998 -3.79847833
 -0.00796892967 -3.80606679
 -0.0047637898 -3.81359778
 -0.00158213101 -3.82107212
  0.00157638823 -3.82849064
  0.00471210209 -3.83585414
  0.00782533751 -3.84316341
  0.0109164145 -3.85041923
  0.0139856462 -3.85762234
  0.0170333393 -3.86477348
  0.0200597939 -3.87187338
  0.0230653041 -3.87892275
  0.0260501576 -3.88592227
  0.0290146366 -3.89287263
  0.0319590172 -3.89977449
  0.0348835702 -3.90662851
  0.0377885609 -3.91343532
  0.0406742491 -3.92019556
  0.0435408898 -3.92690983
  0.0463887327 -3.93357874
  0.0492180227 -3.94020288
  0.052029 -3.94678282
  0.0548219002 -3.95331915
  0.0575969542 -3.95981241
  0.0603543888 -3.96626315
  0.0630944262 -3.9726719
  0.0658172845 -3.97903921
  0.0685231779 -3.98536557
  0.0712123164 -3.99165151
  0.0738849062 -3.99789751
  0.0765411499 -4.00410406
  0.079181246 -4.01027165
  0.0818053899 -4.01640075
  0.084413773 -4.02249182
  0.0870065836 -4.02854532
  0.0895840064 -4.03456169
  0.0921462232 -4.04054136
  0.0946934122 -4.04648479
  0.0972257487 -4.05239237
  0.099743405 -4.05826454
  0.10224655 -4.06410171
  0.104735351 -4.06990426
  0.10720997 -4.07567261
  0.109670568 -4.08140714
  0.112117304 -4.08710822
  0.114550333 -4.09277625
  0.116969807 -4.09841158
