 -1.51851394 -1.10073474
 -1.43933269 -1.46617705
 -1.3723859 -1.68532542
 -1.31439396 -1.82161435
 -1.26324143 -1.91137438
 -1.21748394 -1.97504382
 -1.17609126 -2.02370599
 -1.1383027 -2.06336278
 -1.10354059 -2.09735301
 -1.07135591 -2.12760984
 -1.04139269 -2.15530215
 -1.01336396 -2.18116697
 -0.987035023 -2.20568724
 -0.962211439 -2.22919046
 -0.938730343 -2.25190546
 -0.916453949 -2.2739963
 -0.895264649 -2.29558311
 -0.875061263 -2.31675535
 -0.855756108 -2.33758046
 -0.837272703 -2.35810963
 -0.819543936 -2.37838172
 -0.802510596 -2.39842601
 -0.78612018 -2.41826412
 -0.770325913 -2.4379114
 -0.755085946 -2.4573779
 -0.740362689 -2.47666916
 -0.72612225 -2.49578669
 -0.712333966 -2.51472842
 -0.698970004 -2.533489
 -0.686005027 -2.55206007
 -0.6734159 -2.57043046
 -0.661181443 -2.58858638
 -0.64928222 -2.60651166
 -0.637700348 -2.6241879
 -0.626419337 -2.64159472
 -0.615423953 -2.65871004
 -0.604700087 -2.67551034
 -0.594234654 -2.69197103
 -0.584015489 -2.70806685
 -0.574031268 -2.7237723
 -0.56427143 -2.73906214
 -0.554726113 -2.7539119
 -0.545386086 -2.76829843
 -0.536242707 -2.7822005
 -0.527287864 -2.79559931
 -0.51851394 -2.808479
 -0.509913768 -2.82082717
 -0.501480601 -2.83263524
 -0.493208075 -2.84389875
 -0.485090184 -2.85461758
 -0.477121255 -2.86479597
 -0.469295917 -2.87444254
 -0.461609089 -2.88357005
 -0.454055951 -2.89219515
 -0.446631933 -2.900338
 -0.439332694 -2.9080218
 -0.432154109 -2.91527227
 -0.425092255 -2.92211712
 -0.418143395 -2.92858545
 -0.41130397 -2.93470723
 -0.404570588 -2.94051272
 -0.397940009 -2.94603203
 -0.391409142 -2.95129463
 -0.384975032 -2.95632898
 -0.378634853 -2.96116218
 -0.372385904 -2.96581971
 -0.366225595 -2.97032519
 -0.360151448 -2.97470022
 -0.354161084 -2.97896427
 -0.348252224 -2.98313461
 -0.342422681 -2.98722631
 -0.336670352 -2.99125219
 -0.330993219 -2.99522301
 -0.325389342 -2.9991475
 -0.319856853 -3.00303262
 -0.314393957 -3.00688413
 -0.308998925 -3.01070785
 -0.303670092 -3.0145106
 -0.298405852 -3.01830032
 -0.293204658 -3.02208635
 -0.288065018 -3.02587966
 -0.282985493 -3.0296931
 -0.277964692 -3.03354163
 -0.273001272 -3.03744253
 -0.268093938 -3.04141556
 -0.263241435 -3.04548301
 -0.258442552 -3.04966958
 -0.253696117 -3.05400204
 -0.249000996 -3.05850865
 -0.244356091 -3.06321831
 -0.239760339 -3.06815926
 -0.235212711 -3.07335776
 -0.23071221 -3.07883641
 -0.226257869 -3.0846126
 -0.22184875 -3.09069721
 -0.217483944 -3.09709367
 -0.21316257 -3.10379766
 -0.208883772 -3.11079737
 -0.20464672 -3.11807446
 -0.200450605 -3.12560531
 -0.196294645 -3.13336266
 -0.192178079 -3.1413172
 -0.188100167 -3.14943901
 -0.184060189 -3.15769886
 -0.180057446 -3.16606905
 -0.176091259 -3.17452409
 -0.172160965 -3.18304105
 -0.168265922 -3.19159966
 -0.164405501 -3.20018227
 -0.160579093 -3.20877378
 -0.156786104 -3.21736137
 -0.153025955 -3.22593427
 -0.149298082 -3.23448355
 -0.145601937 -3.24300184
 -0.141936983 -3.25148312
 -0.138302698 -3.25992252
 -0.134698574 -3.26831615
 -0.131124114 -3.2766609
 -0.127578833 -3.28495438
 -0.124062259 -3.29319474
 -0.120573931 -3.30138059
 -0.117113399 -3.30951095
 -0.113680223 -3.31758514
 -0.110273975 -3.32560275
 -0.106894234 -3.33356358
 -0.103540592 -3.3414676
 -0.100212649 -3.34931493
 -0.096910013 -3.35710581
 -0.0936323032 -3.36484055
 -0.0903791458 -3.37251955
 -0.0871501757 -3.38014329
 -0.0839450358 -3.38771226
 -0.0807633771 -3.395227
 -0.0776048578 -3.4026881
 -0.074469144 -3.41009613
 -0.0713559085 -3.4174517
 -0.0682648316 -3.42475545
 -0.0651955998 -3.43200798
 -0.0621479067 -3.43920992
 -0.0591214521 -3.44636191
 -0.056115942 -3.45346458
 -0.0531310884 -3.46051854
 -0.0501666095 -3.46752441
 -0.0472222288 -3.47448281
 -0.0442976758 -3.48139435
 -0.0413926852 -3.48825963
 -0.0385069969 -3.49507924
 -0.0356403563 -3.50185376
 -0.0327925134 -3.50858377
 -0.0299632234 -3.51526984
 -0.027152246 -3.52191253
 -0.0243593459 -3.52851238
 -0.0215842918 -3.53506993
 -0.0188268573 -3.54158573
 -0.0160868199 -3.54806028
 -0.0133639616 -3.55449411
 -0.0106580682 -3.56088772
 -0.00796892967 -3.5672416
 -0.00529633981 -3.57355625
 -0.00264009617 -3.57983214
  0. -3.58606974
  0.00262414383 -3.59226951
  0.00523252693 -3.59843192
  0.00782533751 -3.6045574
  0.0104027604 -3.6106464
  0.0129649772 -3.61669935
  0.0155121662 -3.62271667
  0.0180445027 -3.62869877
  0.0205621589 -3.63464608
  0.0230653041 -3.64055898
  0.0255541045 -3.64643788
  0.0280287236 -3.65228317
  0.0304893221 -3.65809522
  0.0329360581 -3.66387441
  0.0353690868 -3.66962112
  0.0377885609 -3.6753357
  0.0401946307 -3.68101852
  0.0425874438 -3.68666992
  0.0449671455 -3.69229025
  0.0473338788 -3.69787985
  0.0496877842 -3.70343906
  0.052029 -3.7089682
  0.0543576623 -3.7144676
  0.056673905 -3.71993758
  0.05897786 -3.72537845
  0.0612696567 -3.73079051
  0.063549423 -3.73617408
  0.0658172845 -3.74152945
  0.0680733648 -3.74685692
  0.0703177857 -3.75215677
  0.0725506671 -3.75742929
