 -1.41329976 -1.94706828
 -1.33411852 -2.00659082
 -1.26717173 -2.0606223
 -1.20917978 -2.11043502
 -1.15802726 -2.15685881
 -1.11226977 -2.20045906
 -1.07087708 -2.24163232
 -1.03308852 -2.28066183
 -0.998326416 -2.31775196
 -0.966141733 -2.35305071
 -0.936178509 -2.3866653
 -0.908149786 -2.41867345
 -0.881820847 -2.44913194
 -0.856997263 -2.47808341
 -0.833516167 -2.50556176
 -0.811239773 -2.53159671
 -0.790050474 -2.55621739
 -0.769847088 -2.57945529
 -0.750541932 -2.60134638
 -0.732058527 -2.62193263
 -0.71432976 -2.64126273
 -0.69729642 -2.65939231
 -0.680906004 -2.67638353
 -0.665111737 -2.69230428
 -0.649871771 -2.70722703
 -0.635148514 -2.72122754
 -0.620908075 -2.73438344
 -0.60711979 -2.74677283
 -0.593755829 -2.75847306
 -0.580790851 -2.76955958
 -0.568201724 -2.78010506
 -0.555967268 -2.79017864
 -0.544068044 -2.79984547
 -0.532486172 -2.8091663
 -0.521205161 -2.81819737
 -0.510209777 -2.82699032
 -0.499485912 -2.83559222
 -0.489020478 -2.84404572
 -0.478801313 -2.85238919
 -0.468817092 -2.86065688
 -0.459057255 -2.8688791
 -0.449511937 -2.87708239
 -0.44017191 -2.88528962
 -0.431028531 -2.89352007
 -0.422073688 -2.90178939
 -0.413299764 -2.91010948
 -0.404699592 -2.91848809
 -0.396266425 -2.92692802
 -0.387993899 -2.93542645
 -0.379876009 -2.94397882
 -0.371907079 -2.95258072
 -0.364081741 -2.9612279
 -0.356394913 -2.9699163
 -0.348841775 -2.97864203
 -0.341417757 -2.98740135
 -0.334118518 -2.99619069
 -0.326939933 -3.00500661
 -0.319878079 -3.01384585
 -0.312929219 -3.02270527
 -0.306089794 -3.03158187
 -0.299356412 -3.04047281
 -0.292725833 -3.04937533
 -0.286194966 -3.05828683
 -0.279760856 -3.06720484
 -0.273420678 -3.07612696
 -0.267171728 -3.08505095
 -0.26101142 -3.09397466
 -0.254937272 -3.10289602
 -0.248946908 -3.1118131
 -0.243038049 -3.12072403
 -0.237208505 -3.12962707
 -0.231456176 -3.13852052
 -0.225779043 -3.14740281
 -0.220175166 -3.15627243
 -0.214642677 -3.16512795
 -0.209179781 -3.17396802
 -0.20378475 -3.18279135
 -0.198455916 -3.19159674
 -0.193191676 -3.20038304
 -0.187990482 -3.20914917
 -0.182850843 -3.21789409
 -0.177771317 -3.22661685
 -0.172750516 -3.23531645
 -0.167787096 -3.2439917
 -0.162879762 -3.25264007
 -0.158027259 -3.26125243
 -0.153228376 -3.26978889
 -0.148481941 -3.2780815
 -0.14378682 -3.28560912
 -0.139141915 -3.29173444
 -0.134546163 -3.29676128
 -0.129998535 -3.30138474
 -0.125498034 -3.30591271
 -0.121043693 -3.3104263
 -0.116634574 -3.3149434
 -0.112269768 -3.31946718
 -0.107948395 -3.32399751
 -0.103669597 -3.32853356
 -0.0994325437 -3.33307437
 -0.0952364291 -3.337619
 -0.0910804693 -3.34216651
 -0.0869639032 -3.34671603
 -0.0828859907 -3.35126672
 -0.0788460129 -3.35581778
 -0.0748432705 -3.36036845
 -0.0708770833 -3.364918
 -0.0669467896 -3.36946574
 -0.0630517457 -3.374011
 -0.0591913249 -3.37855315
 -0.0553649171 -3.38309161
 -0.0515719281 -3.38762579
 -0.0478117792 -3.39215515
 -0.0440839067 -3.39667918
 -0.0403877611 -3.40119738
 -0.036722807 -3.40570929
 -0.0330885224 -3.41021446
 -0.0294843981 -3.41471247
 -0.0259099377 -3.41920291
 -0.022364657 -3.42368541
 -0.0188480833 -3.4281596
 -0.0153597554 -3.43262514
 -0.0118992233 -3.4370817
 -0.00846604746 -3.44152897
 -0.00505979877 -3.44596667
 -0.00168005812 -3.45039451
  0.00167358389 -3.45481223
  0.00500152724 -3.45921959
  0.00830416279 -3.46361635
  0.0115818725 -3.46800228
  0.0148350299 -3.47237719
  0.0180640001 -3.47674087
  0.02126914 -3.48109313
  0.0244507987 -3.48543381
  0.027609318 -3.48976274
  0.0307450318 -3.49407977
  0.0338582673 -3.49838475
  0.0369493442 -3.50267755
  0.040018576 -3.50695805
  0.043066269 -3.51122612
  0.0460927237 -3.51548165
  0.0490982338 -3.51972455
  0.0520830874 -3.52395473
  0.0550475663 -3.52817209
  0.057991947 -3.53237655
  0.0609165 -3.53656804
  0.0638214906 -3.5407465
  0.0667071789 -3.54491186
  0.0695738195 -3.54906407
  0.0724216624 -3.55320307
  0.0752509524 -3.55732883
  0.0780619298 -3.5614413
  0.0808548299 -3.56554045
  0.083629884 -3.56962625
  0.0863873185 -3.57369867
  0.0891273559 -3.57775768
  0.0918502142 -3.58180328
  0.0945561076 -3.58583545
  0.0972452461 -3.58985417
  0.099917836 -3.59385945
  0.10257408 -3.59785127
  0.105214176 -3.60182964
  0.10783832 -3.60579456
  0.110446703 -3.60974603
  0.113039513 -3.61368406
  0.115616936 -3.61760867
  0.118179153 -3.62151987
  0.120726342 -3.62541767
  0.123258678 -3.62930209
  0.125776335 -3.63317316
  0.12827948 -3.63703088
  0.13076828 -3.6408753
  0.133242899 -3.64470644
  0.135703498 -3.64852432
  0.138150234 -3.65232897
  0.140583263 -3.65612043
  0.143002737 -3.65989872
  0.145408806 -3.66366389
  0.14780162 -3.66741597
  0.150181321 -3.67115499
  0.152548055 -3.674881
  0.15490196 -3.67859403
  0.157243176 -3.68229413
  0.159571838 -3.68598133
  0.161888081 -3.68965569
  0.164192036 -3.69331723
  0.166483833 -3.69696602
  0.168763599 -3.70060209
  0.17103146 -3.70422549
  0.173287541 -3.70783627
  0.175531962 -3.71143448
  0.177764843 -3.71502015
  0.179986303 -3.71859336
  0.182196458 -3.72215413
  0.184395422 -3.72570253
  0.186583308 -3.7292386
  0.188760227 -3.7327624
  0.190926289 -3.73627397
  0.193081601 -3.73977337
  0.195226269 -3.74326066
  0.197360399 -3.74673588
  0.199484093 -3.75019908
  0.201597452 -3.75365033
  0.203700577 -3.75708967
  0.205793567 -3.76051716
  0.207876518 -3.76393285
  0.209949526 -3.7673368
  0.212012687 -3.77072906
  0.214066093 -3.77410968
  0.216109835 -3.77747873
  0.218144005 -3.78083625
  0.220168691 -3.7841823
  0.222183983 -3.78751694
  0.224189965 -3.79084022
  0.226186725 -3.79415219
  0.228174346 -3.79745291
  0.230152912 -3.80074244
  0.232122505 -3.80402083
  0.234083206 -3.80728813
  0.236035095 -3.81054441
  0.23797825 -3.81378971
  0.23991275 -3.81702409
  0.241838671 -3.82024761
  0.243756089 -3.82346031
  0.245665079 -3.82666227
  0.247565714 -3.82985352
  0.249458068 -3.83303412
  0.251342211 -3.83620414
  0.253218216 -3.83936361
  0.255086153 -3.84251261
  0.256946089 -3.84565117
  0.258798094 -3.84877936
  0.260642235 -3.85189722
  0.262478578 -3.85500482
  0.264307189 -3.8581022
  0.266128133 -3.86118942
  0.267941473 -3.86426653
  0.269747274 -3.86733358
  0.271545598 -3.87039063
  0.273336505 -3.87343773
  0.275120058 -3.87647492
  0.276896316 -3.87950227
  0.278665339 -3.88251982
  0.280427185 -3.88552763
  0.282181912 -3.88852574
  0.283929579 -3.89151421
  0.28567024 -3.89449309
  0.287403953 -3.89746243
  0.289130772 -3.90042227
  0.290850753 -3.90337268
  0.292563948 -3.90631369
  0.294270412 -3.90924536
  0.295970197 -3.91216774
  0.297663355 -3.91508088
  0.299349938 -3.91798482
  0.301029996 -3.92087962
  0.30270358 -3.92376532
  0.304370739 -3.92664197
  0.306031523 -3.92950962
  0.30768598 -3.93236831
  0.309334158 -3.9352181
  0.310976106 -3.93805903
  0.312611868 -3.94089115
  0.314241493 -3.9437145
  0.315865026 -3.94652913
  0.317482512 -3.94933509
  0.319093996 -3.95213242
  0.320699522 -3.95492117
  0.322299136 -3.95770138
  0.323892879 -3.9604731
  0.325480794 -3.96323637
  0.327062925 -3.96599124
  0.328639314 -3.96873775
  0.330210001 -3.97147595
  0.331775028 -3.97420587
  0.333334435 -3.97692757
  0.334888263 -3.97964108
  0.336436551 -3.98234646
  0.33797934 -3.98504373
  0.339516667 -3.98773295
  0.341048572 -3.99041415
  0.342575092 -3.99308739
  0.344096265 -3.99575269
  0.345612128 -3.9984101
  0.347122719 -4.00105967
  0.348628074 -4.00370142
  0.350128229 -4.00633542
  0.351623221 -4.00896168
  0.353113083 -4.01158026
  0.354597852 -4.0141912
  0.356077562 -4.01679452
  0.357552248 -4.01939029
  0.359021943 -4.02197852
  0.360486681 -4.02455926
  0.361946496 -4.02713256
  0.36340142 -4.02969844
  0.364851486 -4.03225695
  0.366296727 -4.03480812
  0.367737175 -4.037352
  0.36917286 -4.03988861
  0.370603815 -4.04241801
  0.372030071 -4.04494021
  0.373451658 -4.04745527
  0.374868607 -4.04996321
  0.376280948 -4.05246407
  0.377688711 -4.0549579
  0.379091925 -4.05744472
  0.380490621 -4.05992457
  0.381884826 -4.06239748
  0.383274569 -4.0648635
  0.38465988 -4.06732265
  0.386040785 -4.06977497
  0.387417314 -4.0722205
  0.388789494 -4.07465926
  0.390157352 -4.0770913
  0.391520915 -4.07951665
  0.39288021 -4.08193534
  0.394235264 -4.0843474
  0.395586103 -4.08675286
  0.396932754 -4.08915177
  0.398275242 -4.09154415
  0.399613593 -4.09393003
  0.400947832 -4.09630945
  0.402277984 -4.09868244
  0.403604075 -4.10104903
  0.40492613 -4.10340926
  0.406244171 -4.10576314
  0.407558225 -4.10811073
  0.408868315 -4.11045204
  0.410174465 -4.1127871
  0.411476698 -4.11511596
  0.412775039 -4.11743863
  0.414069509 -4.11975515
  0.415360132 -4.12206555
  0.416646932 -4.12436986
  0.41792993 -4.12666811
  0.419209149 -4.12896032
  0.420484611 -4.13124653
  0.421756338 -4.13352677
  0.423024352 -4.13580106
  0.424288674 -4.13806944
  0.425549327 -4.14033192
  0.42680633 -4.14258855
  0.428059706 -4.14483934
  0.429309476 -4.14708434
  0.430555659 -4.14932355
  0.431798276 -4.15155702
  0.433037348 -4.15378477
  0.434272895 -4.15600682
  0.435504937 -4.15822321
  0.436733494 -4.16043396
  0.437958585 -4.16263909
  0.43918023 -4.16483864
  0.440398448 -4.16703263
  0.441613258 -4.16922108
  0.44282468 -4.17140403
  0.444032732 -4.1735815
