 -1.33243846 -2.3336218
 -1.25325721 -2.3939819
 -1.18631042 -2.43880707
 -1.12831848 -2.47588169
 -1.07716595 -2.50835986
 -1.03140846 -2.53746695
 -0.990015779 -2.56386834
 -0.952227218 -2.58804798
 -0.917465112 -2.61037397
 -0.885280429 -2.63113296
 -0.855317205 -2.65055264
 -0.827288482 -2.66881691
 -0.800959543 -2.6860765
 -0.776135959 -2.70245655
 -0.752654863 -2.71806206
 -0.730378469 -2.73298209
 -0.70918917 -2.74729274
 -0.688985783 -2.76105964
 -0.669680628 -2.77433973
 -0.651197223 -2.78718273
 -0.633468456 -2.79963232
 -0.616435116 -2.81172704
 -0.6000447 -2.82350107
 -0.584250433 -2.83498484
 -0.569010466 -2.84620554
 -0.55428721 -2.85718756
 -0.54004677 -2.86795281
 -0.526258486 -2.87852104
 -0.512894524 -2.88891013
 -0.499929547 -2.89913622
 -0.48734042 -2.90921398
 -0.475105963 -2.91915673
 -0.46320674 -2.92897656
 -0.451624868 -2.9386845
 -0.440343857 -2.9482906
 -0.429348473 -2.95780398
 -0.418624608 -2.967233
 -0.408159174 -2.97658525
 -0.397940009 -2.98586766
 -0.387955788 -2.99508655
 -0.37819595 -3.00424766
 -0.368650633 -3.01335621
 -0.359310606 -3.02241696
 -0.350167227 -3.03143422
 -0.341212384 -3.04041187
 -0.33243846 -3.04935345
 -0.323838288 -3.05826214
 -0.315405121 -3.06714078
 -0.307132595 -3.07599193
 -0.299014704 -3.08481786
 -0.291045775 -3.09362061
 -0.283220437 -3.10240195
 -0.275533609 -3.11116344
 -0.267980471 -3.11990644
 -0.260556453 -3.12863211
 -0.253257214 -3.13734146
 -0.246078629 -3.1460353
 -0.239016775 -3.15471431
 -0.232067915 -3.16337902
 -0.22522849 -3.17202986
 -0.218495108 -3.18066709
 -0.211864529 -3.18929091
 -0.205333662 -3.19790139
 -0.198899552 -3.20649851
 -0.192559374 -3.21508217
 -0.186310424 -3.2236522
 -0.180150116 -3.23220834
 -0.174075968 -3.24075028
 -0.168085604 -3.24927765
 -0.162176745 -3.25779003
 -0.156347201 -3.26628693
 -0.150594872 -3.27476785
 -0.144917739 -3.28323223
 -0.139313862 -3.29167949
 -0.133781373 -3.30010901
 -0.128318477 -3.30852015
 -0.122923445 -3.31691224
 -0.117594612 -3.32528462
 -0.112330372 -3.33363658
 -0.107129178 -3.34196741
 -0.101989539 -3.35027641
 -0.096910013 -3.35856284
 -0.0918892116 -3.36682599
 -0.0869257921 -3.37506512
 -0.0820184576 -3.3832795
 -0.0771659548 -3.39146841
 -0.0723670719 -3.39963112
 -0.0676206369 -3.40776692
 -0.0629255157 -3.41587509
 -0.0582806107 -3.42395494
 -0.053684859 -3.43200577
 -0.0491372312 -3.44002691
 -0.04463673 -3.44801767
 -0.0401823886 -3.4559774
 -0.0357732697 -3.46390546
 -0.0314084643 -3.47180122
 -0.0270870905 -3.47966406
 -0.0228082925 -3.48749339
 -0.0185712395 -3.49528862
 -0.014375125 -3.50304918
 -0.0102191652 -3.51077452
 -0.00610259899 -3.51846412
 -0.00202468657 -3.52611745
  0.00201529124 -3.53373403
  0.00601803369 -3.54131335
  0.00998422091 -3.54885498
  0.0139145145 -3.55635845
  0.0178095584 -3.56382335
  0.0216699792 -3.57124927
  0.0254963871 -3.57863581
  0.0292893761 -3.58598261
  0.033049525 -3.59328931
  0.0367773975 -3.60055556
  0.0404735431 -3.60778106
  0.0441384971 -3.6149655
  0.0477727818 -3.62210859
  0.0513769061 -3.62921007
  0.0549513664 -3.63626968
  0.0584966472 -3.64328719
  0.0620132209 -3.65026237
  0.0655015488 -3.65719503
  0.0689620809 -3.66408498
  0.0723952567 -3.67093203
  0.0758015054 -3.67773605
  0.079181246 -3.68449688
  0.0825348881 -3.69121439
  0.0858628314 -3.69788847
  0.089165467 -3.70451901
  0.0924431767 -3.71110594
  0.0956963341 -3.71764917
  0.0989253042 -3.72414865
  0.102130444 -3.73060432
  0.105312103 -3.73701615
  0.108470622 -3.74338411
  0.111606336 -3.74970818
  0.114719571 -3.75598838
  0.117810648 -3.76222469
  0.12087988 -3.76841714
  0.123927573 -3.77456577
  0.126954028 -3.7806706
  0.129959538 -3.78673168
  0.132944392 -3.79274908
  0.13590887 -3.79872286
  0.138853251 -3.80465309
  0.141777804 -3.81053986
  0.144682795 -3.81638325
  0.147568483 -3.82218338
  0.150435124 -3.82794033
  0.153282967 -3.83365424
  0.156112257 -3.83932521
  0.158923234 -3.84495338
