 -1.34635297 -1.85796104
 -1.26717173 -1.94541346
 -1.20022494 -2.01881354
 -1.14223299 -2.07902907
 -1.09108047 -2.12748693
 -1.04532298 -2.16638052
 -1.00393029 -2.19836712
 -0.966141733 -2.22607017
 -0.931379626 -2.25136717
 -0.899194943 -2.27482646
 -0.86923172 -2.29697894
 -0.841202996 -2.32179607
 -0.814874057 -2.35208418
 -0.790050474 -2.38190151
 -0.766569378 -2.4101997
 -0.744292983 -2.43707884
 -0.723103684 -2.46267595
 -0.702900298 -2.4871115
 -0.683595143 -2.51049003
 -0.665111737 -2.53290272
 -0.64738297 -2.55442958
 -0.630349631 -2.57514117
 -0.613959215 -2.59510005
 -0.598164947 -2.61436197
 -0.582924981 -2.63297676
 -0.568201724 -2.65098919
 -0.553961285 -2.66843961
 -0.540173 -2.68536451
 -0.526809039 -2.701797
 -0.513844062 -2.71776722
 -0.501254934 -2.73330267
 -0.489020478 -2.74842852
 -0.477121255 -2.76316785
 -0.465539382 -2.7775419
 -0.454258372 -2.79157024
 -0.443262987 -2.80527092
 -0.432539122 -2.81866067
 -0.422073688 -2.83175499
 -0.411854523 -2.84456828
 -0.401870302 -2.85711393
 -0.392110465 -2.86940441
 -0.382565147 -2.88145139
 -0.373225121 -2.89326575
 -0.364081741 -2.90485768
 -0.355126899 -2.91623672
 -0.346352974 -2.92741185
 -0.337752803 -2.93839149
 -0.329319635 -2.94918355
 -0.321047109 -2.95979551
 -0.312929219 -2.97023439
 -0.304960289 -2.98050684
 -0.297134952 -2.99061913
 -0.289448123 -3.00057719
 -0.281894985 -3.01038664
 -0.274470967 -3.02005279
 -0.267171728 -3.02958069
 -0.259993144 -3.03897513
 -0.252931289 -3.04824065
 -0.245982429 -3.05738156
 -0.239143005 -3.06640199
 -0.232409622 -3.07530585
 -0.225779043 -3.08409685
 -0.219248176 -3.09277855
 -0.212814066 -3.10135435
 -0.206473888 -3.10982746
 -0.200224939 -3.11820098
 -0.19406463 -3.12647786
 -0.187990482 -3.13466093
 -0.182000119 -3.14275287
 -0.176091259 -3.15075627
 -0.170261715 -3.15867361
 -0.164509387 -3.16650726
 -0.158832254 -3.17425948
 -0.153228376 -3.18193246
 -0.147695887 -3.18952829
 -0.142232992 -3.19704898
 -0.13683796 -3.20449645
 -0.131509126 -3.21187255
 -0.126244886 -3.21917908
 -0.121043693 -3.22641774
 -0.115904053 -3.23359018
 -0.110824528 -3.24069799
 -0.105803726 -3.24774269
 -0.100840307 -3.25472575
 -0.0959329721 -3.2616486
 -0.0910804693 -3.2685126
 -0.0862815865 -3.27531906
 -0.0815351514 -3.28206927
 -0.0768400302 -3.28876444
 -0.0721951252 -3.29540577
 -0.0675993735 -3.30199438
 -0.0630517457 -3.3085314
 -0.0585512445 -3.31501789
 -0.0540969031 -3.32145487
 -0.0496877842 -3.32784335
 -0.0453229788 -3.3341843
 -0.041001605 -3.34047864
 -0.036722807 -3.34672729
 -0.0324857541 -3.3529311
 -0.0282896395 -3.35909095
 -0.0241336797 -3.36520763
 -0.0200171135 -3.37128196
 -0.0159392011 -3.3773147
 -0.0118992233 -3.38330659
 -0.00789648085 -3.38925837
 -0.00393029363 -3.39517074
  0. -3.40104438
  0.00389504388 -3.40687994
  0.0077554647 -3.41267808
  0.0115818725 -3.41843942
  0.0153748616 -3.42416457
  0.0191350104 -3.4298541
  0.022862883 -3.43550861
  0.0265590285 -3.44112864
  0.0302239826 -3.44671473
  0.0338582673 -3.45226742
  0.0374623915 -3.45778721
  0.0410368519 -3.4632746
  0.0445821327 -3.46873008
  0.0480987064 -3.47415412
  0.0515870342 -3.47954718
  0.0550475663 -3.4849097
  0.0584807422 -3.49024213
  0.0618869909 -3.49554489
  0.0652667315 -3.50081839
  0.0686203735 -3.50606304
  0.0719483169 -3.51127922
  0.0752509524 -3.51646734
  0.0785286622 -3.52162775
  0.0817818196 -3.52676082
  0.0850107897 -3.53186692
  0.0882159296 -3.53694639
  0.0913975884 -3.54199958
  0.0945561076 -3.5470268
  0.0976918215 -3.55202839
  0.100805057 -3.55700467
  0.103896134 -3.56195594
  0.106965366 -3.56688251
  0.110013059 -3.57178467
  0.113039513 -3.57666272
  0.116045023 -3.58151693
  0.119029877 -3.58634759
  0.121994356 -3.59115496
  0.124938737 -3.59593931
  0.12786329 -3.6007009
  0.13076828 -3.60543998
  0.133653969 -3.6101568
  0.136520609 -3.61485161
  0.139368452 -3.61952465
  0.142197742 -3.62417614
  0.145008719 -3.62880632
  0.14780162 -3.63341542
  0.150576674 -3.63800365
  0.153334108 -3.64257122
  0.156074146 -3.64711836
  0.158797004 -3.65164527
  0.161502897 -3.65615214
  0.164192036 -3.66063919
  0.166864626 -3.66510661
  0.169520869 -3.66955459
  0.172160965 -3.67398332
  0.174785109 -3.67839298
  0.177393492 -3.68278377
  0.179986303 -3.68715585
  0.182563726 -3.6915094
  0.185125943 -3.6958446
  0.187673132 -3.70016161
  0.190205468 -3.7044606
  0.192723124 -3.70874175
  0.195226269 -3.7130052
  0.19771507 -3.71725111
  0.200189689 -3.72147965
  0.202650288 -3.72569096
  0.205097024 -3.7298852
  0.207530052 -3.73406252
  0.209949526 -3.73822305
  0.212355596 -3.74236695
  0.214748409 -3.74649436
