 -1.31175386 -1.87004299
 -1.23257262 -1.97347957
 -1.16562583 -2.0616036
 -1.10763388 -2.13715068
 -1.05648136 -2.20232442
 -1.01072387 -2.25903147
 -0.96933118 -2.30893044
 -0.931542619 -2.35342646
 -0.896780513 -2.39366843
 -0.86459583 -2.43056451
 -0.834632606 -2.46481258
 -0.806603883 -2.49693758
 -0.780274944 -2.52732891
 -0.75545136 -2.55627386
 -0.731970264 -2.58398568
 -0.70969387 -2.61062571
 -0.688504571 -2.63632021
 -0.668301185 -2.6611722
 -0.648996029 -2.68526901
 -0.630512624 -2.70868623
 -0.612783857 -2.73148971
 -0.595750517 -2.75373715
 -0.579360101 -2.77547931
 -0.563565834 -2.79676099
 -0.548325867 -2.81762191
 -0.533602611 -2.83809736
 -0.519362172 -2.85821881
 -0.505573887 -2.87801436
 -0.492209926 -2.89750921
 -0.479244948 -2.91672595
 -0.466655821 -2.93568493
 -0.454421365 -2.95440445
 -0.442522141 -2.97290104
 -0.430940269 -2.99118962
 -0.419659258 -3.0092837
 -0.408663874 -3.0271955
 -0.397940009 -3.04493612
 -0.387474575 -3.06251559
 -0.37725541 -3.07994305
 -0.367271189 -3.09722679
 -0.357511352 -3.11437436
 -0.347966034 -3.13139259
 -0.338626007 -3.14828774
 -0.329482628 -3.16506548
 -0.320527785 -3.18173097
 -0.311753861 -3.19828892
 -0.303153689 -3.21474362
 -0.294720522 -3.23109897
 -0.286447996 -3.24735853
 -0.278330106 -3.26352553
 -0.270361176 -3.27960294
 -0.262535838 -3.29559343
 -0.25484901 -3.31149945
 -0.247295872 -3.32732323
 -0.239871854 -3.34306676
 -0.232572615 -3.3587318
 -0.22539403 -3.3743198
 -0.218332176 -3.38983171
 -0.211383316 -3.40526738
 -0.204543891 -3.42062435
 -0.197810509 -3.43589461
 -0.19117993 -3.45105728
 -0.184649063 -3.46606197
 -0.178214953 -3.48079338
 -0.171874775 -3.49500477
 -0.165625825 -3.5082284
 -0.159465517 -3.51976498
 -0.153391369 -3.52897187
 -0.147401005 -3.53577852
 -0.141492146 -3.5407686
 -0.135662602 -3.54469795
 -0.129910273 -3.54811897
 -0.12423314 -3.55134035
 -0.118629263 -3.55451327
 -0.113096774 -3.5577069
 -0.107633878 -3.56095132
 -0.102238847 -3.56425863
 -0.096910013 -3.56763278
 -0.091645773 -3.57107405
 -0.0864445793 -3.57458107
 -0.0813049397 -3.57815177
 -0.0762254141 -3.5817838
 -0.0712046128 -3.58547472
 -0.0662411932 -3.58922211
 -0.0613338587 -3.59302358
 -0.056481356 -3.59687681
 -0.0516824731 -3.60077955
 -0.046936038 -3.60472962
 -0.0422409168 -3.60872491
 -0.0375960118 -3.61276338
 -0.0330002601 -3.61684308
 -0.0284526324 -3.6209621
 -0.0239521311 -3.6251186
 -0.0194977897 -3.62931082
 -0.0150886708 -3.63353704
 -0.0107238654 -3.63779561
 -0.00640249161 -3.64208494
 -0.00212369363 -3.64640347
  0.00211335931 -3.65074973
  0.00630947391 -3.65512227
  0.0104654337 -3.6595197
  0.0145819999 -3.66394068
  0.0186599123 -3.66838393
  0.0226998901 -3.67284818
  0.0267026325 -3.67733223
  0.0306688198 -3.68183491
  0.0345991134 -3.6863551
  0.0384941573 -3.69089171
  0.0423545781 -3.69544369
  0.0461809859 -3.70001002
  0.049973975 -3.70458974
  0.0537341238 -3.70918189
  0.0574619964 -3.71378556
  0.0611581419 -3.71839987
