 -1.43775056 -2.08858854
 -1.35856932 -2.2621221
 -1.29162253 -2.3563962
 -1.23363058 -2.40987059
 -1.18247806 -2.45533184
 -1.13672057 -2.49535111
 -1.09532788 -2.53104889
 -1.05753932 -2.56324367
 -1.02277721 -2.59254872
 -0.990592531 -2.6194336
 -0.960629308 -2.64426468
 -0.932600585 -2.66733257
 -0.906271646 -2.68887126
 -0.881448062 -2.70907159
 -0.857966966 -2.72809113
 -0.835690571 -2.74606134
 -0.814501272 -2.76309297
 -0.794297886 -2.77928016
 -0.774992731 -2.79470358
 -0.756509325 -2.80943284
 -0.738780558 -2.82352846
 -0.721747219 -2.83704333
 -0.705356803 -2.85002397
 -0.689562536 -2.8625115
 -0.674322569 -2.87454246
 -0.659599312 -2.88614944
 -0.645358873 -2.89736167
 -0.631570589 -2.90820542
 -0.618206627 -2.91870444
 -0.60524165 -2.92888024
 -0.592652523 -2.93875237
 -0.580418066 -2.94833868
 -0.568518843 -2.9576555
 -0.556936971 -2.96671779
 -0.54565596 -2.97553935
 -0.534660576 -2.98413288
 -0.52393671 -2.99251014
 -0.513471277 -3.00068206
 -0.503252112 -3.00865878
 -0.493267891 -3.01644976
 -0.483508053 -3.02406387
 -0.473962735 -3.03150942
 -0.464622709 -3.03879422
 -0.45547933 -3.04592566
 -0.446524487 -3.05291073
 -0.437750563 -3.05975609
 -0.429150391 -3.06646808
 -0.420717224 -3.0730528
 -0.412444698 -3.0795161
 -0.404326807 -3.08586366
 -0.396357878 -3.09210101
 -0.38853254 -3.09823352
 -0.380845711 -3.10426651
 -0.373292574 -3.11020521
 -0.365868556 -3.11605484
 -0.358569317 -3.12182059
 -0.351390732 -3.1275077
 -0.344328878 -3.13312144
 -0.337380018 -3.13866717
 -0.330540593 -3.14415034
 -0.323807211 -3.14957653
 -0.317176632 -3.15495144
 -0.310645764 -3.16028095
 -0.304211654 -3.16557109
 -0.297871476 -3.17082804
 -0.291622527 -3.17605818
 -0.285462218 -3.18126803
 -0.279388071 -3.18646428
 -0.273397707 -3.19165373
 -0.267488847 -3.19684326
 -0.261659304 -3.20203982
 -0.255906975 -3.20725033
 -0.250229842 -3.21248166
 -0.244625964 -3.21774052
 -0.239093476 -3.22303341
 -0.23363058 -3.22836652
 -0.228235548 -3.23374563
 -0.222906715 -3.23917602
 -0.217642475 -3.24466243
 -0.212441281 -3.25020889
 -0.207301641 -3.25581873
 -0.202222116 -3.26149449
 -0.197201315 -3.26723786
 -0.192237895 -3.2730497
 -0.187330561 -3.27893001
 -0.182478058 -3.28487795
 -0.177679175 -3.2908919
 -0.17293274 -3.29696948
 -0.168237619 -3.30310766
 -0.163592714 -3.30930282
 -0.158996962 -3.31555084
 -0.154449334 -3.3218472
 -0.149948833 -3.32818709
 -0.145494491 -3.33456547
 -0.141085373 -3.34097719
 -0.136720567 -3.34741706
 -0.132399193 -3.35387989
 -0.128120395 -3.36036063
 -0.123883342 -3.36685434
 -0.119687228 -3.37335629
 -0.115531268 -3.37986195
 -0.111414702 -3.38636706
 -0.107336789 -3.3928676
 -0.103296812 -3.39935983
 -0.0992940692 -3.4058403
 -0.095327882 -3.41230582
 -0.0913975884 -3.41875347
 -0.0875025445 -3.4251806
 -0.0836421237 -3.43158481
 -0.0798157158 -3.43796394
 -0.0760227268 -3.44431606
 -0.0722625779 -3.45063944
 -0.0685347054 -3.45693256
 -0.0648385599 -3.46319408
 -0.0611736058 -3.46942284
 -0.0575393211 -3.47561781
 -0.0539351968 -3.48177813
 -0.0503607365 -3.48790306
 -0.0468154557 -3.49399199
 -0.043298882 -3.50004441
 -0.0398105541 -3.50605989
 -0.036350022 -3.51203812
 -0.0329168462 -3.51797886
 -0.0295105975 -3.52388194
 -0.0261308569 -3.52974724
 -0.0227772148 -3.53557472
 -0.0194492715 -3.54136439
 -0.016146636 -3.54711629
 -0.0128689262 -3.55283052
 -0.00961576879 -3.55850719
 -0.00638679866 -3.56414648
 -0.00318165879 -3.56974856
  0. -3.57531365
  0.00315851924 -3.58084198
  0.0062942331 -3.58633381
  0.00940746852 -3.59178941
  0.0124985455 -3.59720905
  0.0155677772 -3.60259304
  0.0186154703 -3.60794168
  0.0216419249 -3.61325528
  0.0246474351 -3.61853417
  0.0276322886 -3.62377868
  0.0305967676 -3.62898914
  0.0335411482 -3.63416589
  0.0364657013 -3.63930925
  0.0393706919 -3.64441959
  0.0422563801 -3.64949723
  0.0451230208 -3.65454253
  0.0479708637 -3.65955581
  0.0508001537 -3.66453743
  0.053611131 -3.66948773
  0.0564040312 -3.67440705
  0.0591790853 -3.67929572
  0.0619365198 -3.68415407
  0.0646765572 -3.68898245
  0.0673994155 -3.69378119
  0.0701053089 -3.6985506
  0.0727944474 -3.70329101
  0.0754670372 -3.70800275
  0.0781232809 -3.71268613
  0.0807633771 -3.71734147
  0.0833875209 -3.72196908
  0.085995904 -3.72656926
  0.0885887146 -3.73114232
  0.0911661375 -3.73568855
  0.0937283542 -3.74020826
  0.0962755432 -3.74470174
  0.0988078798 -3.74916927
  0.101325536 -3.75361114
  0.103828681 -3.75802762
  0.106317482 -3.76241901
  0.108792101 -3.76678556
  0.111252699 -3.77112755
  0.113699435 -3.77544524
  0.116132464 -3.77973889
  0.118551938 -3.78400878
  0.120958008 -3.78825513
  0.123350821 -3.79247822
  0.125730523 -3.79667828
  0.128097256 -3.80085557
  0.130451161 -3.80501031
  0.132792377 -3.80914275
  0.135121039 -3.81325311
  0.137437282 -3.81734164
  0.139741237 -3.82140856
  0.142033034 -3.82545408
  0.1443128 -3.82947844
  0.146580662 -3.83348184
  0.148836742 -3.8374645
  0.151081163 -3.84142663
  0.153314044 -3.84536845
  0.155535504 -3.84929014
  0.157745659 -3.85319193
  0.159944623 -3.85707399
  0.162132509 -3.86093654
  0.164309429 -3.86477977
  0.16647549 -3.86860385
  0.168630802 -3.87240899
  0.170775471 -3.87619537
  0.1729096 -3.87996317
  0.175033294 -3.88371257
  0.177146653 -3.88744375
  0.179249778 -3.89115688
  0.181342768 -3.89485213
  0.183425719 -3.89852969
  0.185498728 -3.9021897
  0.187561888 -3.90583234
  0.189615294 -3.90945778
  0.191659036 -3.91306617
  0.193693206 -3.91665767
  0.195717893 -3.92023244
  0.197733184 -3.92379063
  0.199739167 -3.9273324
  0.201735926 -3.93085789
  0.203723548 -3.93436726
  0.205702114 -3.93786065
  0.207671707 -3.9413382
  0.209632407 -3.94480006
  0.211584296 -3.94824636
  0.213527451 -3.95167726
  0.215461951 -3.95509287
  0.217387872 -3.95849334
  0.21930529 -3.96187881
  0.22121428 -3.9652494
  0.223114915 -3.96860524
  0.225007269 -3.97194646
  0.226891413 -3.97527318
  0.228767418 -3.97858555
  0.230635354 -3.98188366
  0.23249529 -3.98516766
  0.234347295 -3.98843765
  0.236191436 -3.99169375
  0.238027779 -3.99493609
  0.23985639 -3.99816479
  0.241677334 -4.00137994
  0.243490675 -4.00458167
  0.245296475 -4.00777009
  0.247094799 -4.0109453
  0.248885706 -4.01410743
  0.250669259 -4.01725656
  0.252445517 -4.02039282
  0.25421454 -4.0235163
  0.255976386 -4.02662711
  0.257731114 -4.02972535
  0.25947878 -4.03281112
  0.261219442 -4.03588453
  0.262953154 -4.03894566
  0.264679974 -4.04199463
  0.266399954 -4.04503151
  0.268113149 -4.04805642
  0.269819613 -4.05106944
  0.271519398 -4.05407066
  0.273212556 -4.05706019
  0.274899139 -4.0600381
  0.276579197 -4.06300449
  0.278252781 -4.06595945
  0.27991994 -4.06890307
  0.281580724 -4.07183543
  0.283235181 -4.07475661
  0.28488336 -4.07766671
  0.286525307 -4.08056581
  0.288161069 -4.08345398
  0.289790694 -4.08633132
  0.291414227 -4.08919789
  0.293031713 -4.09205379
  0.294643197 -4.0948991
  0.296248724 -4.09773388
  0.297848337 -4.10055822
  0.29944208 -4.10337219
  0.301029996 -4.10617587
  0.302612127 -4.10896934
