 -1.32633586 -2.024667
 -1.24715461 -2.09198903
 -1.18020783 -2.15445361
 -1.12221588 -2.21166564
 -1.07106336 -2.26399419
 -1.02530587 -2.31198802
 -0.98391318 -2.35619105
 -0.946124619 -2.39708852
 -0.911362513 -2.43509722
 -0.87917783 -2.47057035
 -0.849214606 -2.50380627
 -0.821185883 -2.53505739
 -0.794856944 -2.56453816
 -0.77003336 -2.59243165
 -0.746552264 -2.61889504
 -0.72427587 -2.64406405
 -0.703086571 -2.66805649
 -0.682883184 -2.6909752
 -0.663578029 -2.7129104
 -0.645094624 -2.7339416
 -0.627365857 -2.75413924
 -0.610332517 -2.77356594
 -0.593942101 -2.79227765
 -0.578147834 -2.8103245
 -0.562907867 -2.82775159
 -0.548184611 -2.84459966
 -0.533944171 -2.86090558
 -0.520155887 -2.87670283
 -0.506791925 -2.89202194
 -0.493826948 -2.90689077
 -0.481237821 -2.92133485
 -0.469003364 -2.93537759
 -0.457104141 -2.94904056
 -0.445522269 -2.96234364
 -0.434241258 -2.97530517
 -0.423245874 -2.98794217
 -0.412522009 -3.0002704
 -0.402056575 -3.01230452
 -0.39183741 -3.02405817
 -0.381853189 -3.03554406
 -0.372093351 -3.04677408
 -0.362548034 -3.05775931
 -0.353208007 -3.06851017
 -0.344064628 -3.07903642
 -0.335109785 -3.0893472
 -0.326335861 -3.09945113
 -0.317735689 -3.10935633
 -0.309302522 -3.11907043
 -0.301029996 -3.12860064
 -0.292912105 -3.13795378
 -0.284943176 -3.14713629
 -0.277117838 -3.15615427
 -0.26943101 -3.16501348
 -0.261877872 -3.17371942
 -0.254453854 -3.18227728
 -0.247154615 -3.190692
 -0.23997603 -3.19896828
 -0.232914176 -3.20711059
 -0.225965316 -3.2151232
 -0.219125891 -3.22301015
 -0.212392509 -3.23077533
 -0.20576193 -3.23842242
 -0.199231063 -3.24595496
 -0.192796953 -3.25337633
 -0.186456775 -3.26068975
 -0.180207825 -3.26789831
 -0.174047517 -3.27500497
 -0.167973369 -3.28201256
 -0.161983005 -3.28892381
 -0.156074146 -3.29574133
 -0.150244602 -3.30246762
 -0.144492273 -3.30910508
 -0.13881514 -3.31565603
 -0.133211263 -3.3221227
 -0.127678774 -3.32850721
 -0.122215878 -3.33481163
 -0.116820846 -3.34103793
 -0.111492013 -3.34718804
 -0.106227773 -3.35326379
 -0.101026579 -3.35926695
 -0.0958869396 -3.36519923
 -0.090807414 -3.3710623
 -0.0857866126 -3.37685773
 -0.0808231931 -3.38258708
 -0.0759158586 -3.38825183
 -0.0710633558 -3.39385343
 -0.0662644729 -3.39939327
 -0.0615180379 -3.40487287
 -0.0568229167 -3.41029489
 -0.0521780117 -3.41567213
 -0.04758226 -3.42108992
 -0.0430346322 -3.4268579
 -0.038534131 -3.43306219
 -0.0340797896 -3.43936352
 -0.0296706707 -3.44562557
 -0.0253058653 -3.45182795
 -0.0209844915 -3.4579691
 -0.0167056935 -3.46404989
 -0.0124686406 -3.47007143
 -0.00827252597 -3.47603487
 -0.00411656619 -3.48194131
  0. -3.48779184
  0.00407791242 -3.49358751
  0.00811789022 -3.49932932
  0.0121206327 -3.50501827
  0.0160868199 -3.51065533
  0.0200171135 -3.51624144
  0.0239121574 -3.52177749
  0.0277725782 -3.5272644
  0.0315989861 -3.53270301
  0.0353919751 -3.53809417
  0.039152124 -3.54343871
  0.0428799965 -3.54873741
  0.046576142 -3.55399107
  0.0502410961 -3.55920043
  0.0538753808 -3.56436624
  0.0574795051 -3.56948922
  0.0610539654 -3.57457008
  0.0645992462 -3.5796095
  0.0681158199 -3.58460815
  0.0716041477 -3.58956669
