 -1.29003461 -1.86941358
 -1.21085337 -1.94093517
 -1.14390658 -2.00033568
 -1.08591463 -2.05333365
 -1.03476211 -2.10390099
 -0.989004616 -2.15505339
 -0.947611931 -2.20932668
 -0.90982337 -2.26901353
 -0.875061263 -2.33596107
 -0.84287658 -2.40981103
 -0.812913357 -2.47909118
 -0.784884633 -2.51218311
 -0.758555694 -2.54079767
 -0.733732111 -2.56768941
 -0.710251015 -2.59306491
 -0.68797462 -2.61709777
 -0.666785321 -2.63993483
 -0.646581935 -2.6617011
 -0.62727678 -2.68250353
 -0.608793374 -2.70243415
 -0.591064607 -2.72157248
 -0.574031268 -2.73998758
 -0.557640852 -2.75773969
 -0.541846584 -2.77488161
 -0.526606618 -2.79145977
 -0.511883361 -2.80751521
 -0.497642922 -2.82308435
 -0.483854637 -2.83819963
 -0.470490676 -2.85289006
 -0.457525699 -2.8671817
 -0.444936571 -2.88109804
 -0.432702115 -2.89466034
 -0.420802892 -2.90788789
 -0.409221019 -2.92079828
 -0.397940009 -2.93340757
 -0.386944624 -2.94573052
 -0.376220759 -2.95778069
 -0.365755325 -2.96957059
 -0.35553616 -2.9811118
 -0.345551939 -2.99241507
 -0.335792102 -3.00349037
 -0.326246784 -3.01434704
 -0.316906758 -3.02499376
 -0.307763378 -3.03543868
 -0.298808536 -3.04568945
 -0.290034611 -3.05575325
 -0.28143444 -3.06563684
 -0.273001272 -3.0753466
 -0.264728746 -3.08488856
 -0.256610856 -3.09426841
 -0.248641926 -3.10349157
 -0.240816589 -3.11256314
 -0.23312976 -3.12148799
 -0.225576622 -3.13027075
 -0.218152604 -3.13891582
 -0.210853365 -3.1474274
 -0.203674781 -3.15580949
 -0.196612926 -3.1640659
 -0.189664066 -3.17220029
 -0.182824642 -3.18021614
 -0.176091259 -3.18811681
 -0.16946068 -3.19590548
 -0.162929813 -3.20358523
 -0.156495703 -3.21115899
 -0.150155525 -3.2186296
 -0.143906576 -3.22599977
 -0.137746267 -3.23327209
 -0.131672119 -3.24044909
 -0.125681756 -3.24753316
 -0.119772896 -3.25452664
 -0.113943352 -3.26143176
 -0.108191023 -3.26825066
 -0.102513891 -3.27498544
 -0.096910013 -3.2816381
 -0.0913775244 -3.28821056
 -0.0859146287 -3.29470469
 -0.0805195968 -3.30112231
 -0.0751907633 -3.30746514
 -0.0699265233 -3.31373488
 -0.0647253296 -3.31993315
 -0.05958569 -3.32606153
 -0.0545061645 -3.33212154
 -0.0494853631 -3.33811466
 -0.0445219435 -3.34404232
 -0.0396146091 -3.3499059
 -0.0347621063 -3.35570674
 -0.0299632234 -3.36144614
 -0.0252167884 -3.36712538
 -0.0205216671 -3.37274565
 -0.0158767621 -3.37830817
 -0.0112810104 -3.38381407
 -0.00673338266 -3.38926447
 -0.00223288143 -3.39466047
  0.00222145999 -3.40000311
  0.0066305789 -3.40529342
  0.0109953843 -3.4105324
  0.0153167581 -3.41572102
  0.0195955561 -3.4208602
  0.023832609 -3.42595089
  0.0280287236 -3.43099395
  0.0321846834 -3.43599026
  0.0363012496 -3.44094067
  0.040379162 -3.44584599
  0.0444191398 -3.45070703
  0.0484218822 -3.45552456
  0.0523880695 -3.46029935
  0.0563183631 -3.46503213
  0.060213407 -3.46972362
  0.0640738278 -3.47437454
  0.0679002356 -3.47898555
  0.0716932247 -3.48355733
  0.0754533735 -3.48809054
  0.079181246 -3.4925858
  0.0828773916 -3.49704375
  0.0865423457 -3.50146497
  0.0901766303 -3.50585008
  0.0937807546 -3.51019963
  0.097355215 -3.51451421
  0.100900496 -3.51879435
  0.104417069 -3.52304059
  0.107905397 -3.52725347
  0.111365929 -3.53143349
  0.114799105 -3.53558116
  0.118205354 -3.53969696
  0.121585095 -3.54378138
  0.124938737 -3.54783489
  0.12826668 -3.55185794
  0.131569316 -3.55585098
  0.134847025 -3.55981445
  0.138100183 -3.56374879
  0.141329153 -3.56765441
  0.144534293 -3.57153172
  0.147715951 -3.57538112
  0.150874471 -3.57920302
  0.154010185 -3.5829978
  0.15712342 -3.58676582
  0.160214497 -3.59050748
  0.163283729 -3.59422312
  0.166331422 -3.5979131
  0.169357876 -3.60157778
  0.172363387 -3.60521749
  0.17534824 -3.60883256
  0.178312719 -3.61242333
  0.1812571 -3.61599012
  0.184181653 -3.61953324
  0.187086643 -3.623053
  0.189972332 -3.6265497
  0.192838972 -3.63002365
  0.195686815 -3.63347512
  0.198516105 -3.63690442
  0.201327082 -3.64031182
  0.204119983 -3.64369759
  0.206895037 -3.64706201
  0.209652471 -3.65040534
  0.212392509 -3.65372784
  0.215115367 -3.65702976
  0.21782126 -3.66031137
  0.220510399 -3.6635729
  0.223182989 -3.6668146
  0.225839232 -3.6700367
  0.228479329 -3.67323944
  0.231103472 -3.67642305
  0.233711855 -3.67958775
  0.236304666 -3.68273377
  0.238882089 -3.68586132
  0.241444306 -3.68897062
  0.243991495 -3.69206188
  0.246523831 -3.69513529
  0.249041487 -3.69819108
  0.251544633 -3.70122943
  0.254033433 -3.70425055
  0.256508052 -3.70725462
  0.258968651 -3.71024184
  0.261415387 -3.71321239
  0.263848415 -3.71616645
  0.266267889 -3.71910422
  0.268673959 -3.72202586
  0.271066772 -3.72493155
  0.273446474 -3.72782146
  0.275813207 -3.73069576
  0.278167113 -3.73355462
  0.280508329 -3.73639821
  0.282836991 -3.73922667
  0.285153234 -3.74204018
  0.287457188 -3.74483889
  0.289748985 -3.74762296
  0.292028752 -3.75039252
  0.294296613 -3.75314774
  0.296552693 -3.75588876
  0.298797114 -3.75861573
  0.301029996 -3.76132879
  0.303251456 -3.76402807
  0.30546161 -3.76671372
  0.307660575 -3.76938588
  0.309848461 -3.77204467
  0.31202538 -3.77469023
  0.314191442 -3.7773227
  0.316346754 -3.77994219
  0.318491422 -3.78254884
  0.320625552 -3.78514276
  0.322749245 -3.78772409
  0.324862605 -3.79029295
  0.32696573 -3.79284945
  0.329058719 -3.7953937
  0.33114167 -3.79792584
  0.333214679 -3.80044597
  0.33527784 -3.8029542
  0.337331245 -3.80545065
  0.339374988 -3.80793542
  0.341409158 -3.81040863
  0.343433844 -3.81287038
  0.345449135 -3.81532077
  0.347455118 -3.81775992
  0.349451878 -3.82018791
  0.351439499 -3.82260486
  0.353418065 -3.82501086
  0.355387658 -3.82740601
  0.357348359 -3.82979041
  0.359300247 -3.83216415
  0.361243403 -3.83452734
  0.363177902 -3.83688005
  0.365103823 -3.83922238
  0.367021241 -3.84155443
  0.368930231 -3.84387628
  0.370830867 -3.84618803
  0.37272322 -3.84848975
  0.374607364 -3.85078154
  0.376483369 -3.85306348
  0.378351305 -3.85533566
  0.380211242 -3.85759815
  0.382063247 -3.85985104
  0.383907387 -3.86209441
  0.38574373 -3.86432834
  0.387572341 -3.86655291
  0.389393285 -3.8687682
  0.391206626 -3.87097428
