 -1.24054925 -2.2968712
 -1.161368 -2.39180233
 -1.09442121 -2.46463072
 -1.03642927 -2.5236349
 -0.985276743 -2.57325764
 -0.939519253 -2.61612031
 -0.898126567 -2.6538857
 -0.860338007 -2.68766998
 -0.8255759 -2.71825704
 -0.793391217 -2.74621805
 -0.763427994 -2.77198194
 -0.73539927 -2.79587914
 -0.709070331 -2.81816968
 -0.684246748 -2.83906195
 -0.660765652 -2.85872568
 -0.638489257 -2.87730093
 -0.617299958 -2.89490475
 -0.597096572 -2.91163598
 -0.577791417 -2.92757889
 -0.559308011 -2.94280589
 -0.541579244 -2.95737973
 -0.524545905 -2.97135516
 -0.508155488 -2.98478019
 -0.492361221 -2.99769724
 -0.477121255 -3.01014392
 -0.462397998 -3.02215378
 -0.448157559 -3.03375686
 -0.434369274 -3.04498015
 -0.421005313 -3.05584805
 -0.408040336 -3.06638262
 -0.395451208 -3.07660394
 -0.383216752 -3.08653029
 -0.371317529 -3.0961784
 -0.359735656 -3.105564
 -0.348454646 -3.11471107
 -0.337459261 -3.12384515
 -0.326735396 -3.13497447
 -0.316269962 -3.14898938
 -0.306050797 -3.16323122
 -0.296066576 -3.17717564
 -0.286306739 -3.19080565
 -0.276761421 -3.2041336
 -0.267421395 -3.21717256
 -0.258278015 -3.22993483
 -0.249323173 -3.24243195
 -0.240549248 -3.25467476
 -0.231949077 -3.26667343
 -0.223515909 -3.27843753
 -0.215243383 -3.28997611
 -0.207125493 -3.30129765
 -0.199156563 -3.31241021
 -0.191331226 -3.32332137
 -0.183644397 -3.33403833
 -0.176091259 -3.3445679
 -0.168667241 -3.35491653
 -0.161368002 -3.36509035
 -0.154189418 -3.37509518
 -0.147127563 -3.38493657
 -0.140178703 -3.39461977
 -0.133339279 -3.4041498
 -0.126605896 -3.41353144
 -0.119975317 -3.42276925
 -0.11344445 -3.43186758
 -0.10701034 -3.44083059
 -0.100670162 -3.44966225
 -0.0944212126 -3.45836637
 -0.0882609039 -3.46694658
 -0.0821867562 -3.47540637
 -0.0761963925 -3.48374907
 -0.0702875329 -3.49197789
 -0.0644579892 -3.5000959
 -0.0587056603 -3.50810605
 -0.0530285274 -3.51601116
 -0.0474246499 -3.52381398
 -0.0418921613 -3.5315171
 -0.0364292656 -3.53912306
 -0.0310342337 -3.54663427
 -0.0257054002 -3.55405307
 -0.0204411602 -3.5613817
 -0.0152399666 -3.56862235
 -0.0101003269 -3.57577709
 -0.00502080138 -3.58284794
  0. -3.58983686
  0.00496341953 -3.59674571
  0.00987075403 -3.60357632
  0.0147232568 -3.61033044
  0.0195221397 -3.61700976
  0.0242685747 -3.62361593
  0.0289636959 -3.63015054
  0.033608601 -3.63661511
  0.0382043527 -3.64301113
  0.0427519804 -3.64934005
  0.0472524816 -3.65560326
  0.0517068231 -3.66180211
  0.056115942 -3.66793791
  0.0604807474 -3.67401194
  0.0648021212 -3.68002541
  0.0690809191 -3.68597954
  0.0733179721 -3.69187548
  0.0775140867 -3.69771436
  0.0816700465 -3.70349728
  0.0857866126 -3.70922529
  0.0898645251 -3.71489943
  0.0939045029 -3.72052071
  0.0979072453 -3.7260901
  0.101873433 -3.73160855
  0.105803726 -3.73707699
  0.10969877 -3.74249631
  0.113559191 -3.74786739
  0.117385599 -3.75319109
  0.121178588 -3.75846823
  0.124938737 -3.76369961
  0.128666609 -3.76888603
  0.132362755 -3.77402826
  0.136027709 -3.77912703
  0.139661993 -3.78418309
  0.143266118 -3.78919713
  0.146840578 -3.79416986
  0.150385859 -3.79910194
  0.153902433 -3.80399404
  0.15739076 -3.8088468
  0.160851292 -3.81366085
  0.164284468 -3.8184368
  0.167690717 -3.82317526
  0.171070458 -3.82787679
  0.1744241 -3.83254199
  0.177752043 -3.83717139
  0.181054679 -3.84176556
  0.184332388 -3.84632502
  0.187585546 -3.85085029
  0.190814516 -3.85534188
