 -2.31597035  1.07497375
 -1.83884909  1.06161443
 -1.61700034  0.84874084
 -1.47087231 -1.993273
 -1.36172784 -2.1304436
 -1.27457766 -2.23927414
 -1.20202699 -2.32917297
 -1.13987909 -2.40548448
 -1.08552142 -2.4715404
 -1.03721674 -2.529561
 -0.993751051 -2.5811023
 -0.954242509 -2.62729895
 -0.918030337 -2.66900524
 -0.884606581 -2.70688175
 -0.853572348 -2.74145083
 -0.824608652 -2.77313353
 -0.797456406 -2.80227493
 -0.771902301 -2.82916202
 -0.747768621 -2.85403657
 -0.724905738 -2.8771046
 -0.703186489 -2.89854356
 -0.68250189 -2.91850773
 -0.662757832 -2.93713253
 -0.643872488 -2.95453788
 -0.625774265 -2.9708309
 -0.608400169 -2.98610822
 -0.591694476 -3.00045782
 -0.575607656 -3.01396072
 -0.56009549 -3.02669239
 -0.545118334 -3.03872405
 -0.53064051 -3.05012381
 -0.516629796 -3.06095778
 -0.503056989 -3.07129095
 -0.489895543 -3.08118799
 -0.477121255 -3.09071388
 -0.464711997 -3.09993427
 -0.452647485 -3.10891544
 -0.440909082 -3.11772395
 -0.42947962 -3.12642574
 -0.418343254 -3.13508471
 -0.407485327 -3.1437609
 -0.396892253 -3.15250821
 -0.38655142 -3.16137223
 -0.376451093 -3.17038808
 -0.366580339 -3.17957903
 -0.356928953 -3.18895579
 -0.347487397 -3.19851691
 -0.33824674 -3.20825003
 -0.329198611 -3.2181339
 -0.320335151 -3.22814083
 -0.311648972 -3.23823923
 -0.303133121 -3.2483959
 -0.294781046 -3.25857801
 -0.286586568 -3.26875455
 -0.278543848 -3.27889732
 -0.270647367 -3.28898147
 -0.262891902 -3.29898571
 -0.255272505 -3.3088923
 -0.247784484 -3.31868679
 -0.240423384 -3.32835777
 -0.233184975 -3.33789647
 -0.226065234 -3.34729646
 -0.219060332 -3.35655323
 -0.212166625 -3.36566395
 -0.205380635 -3.37462711
 -0.19869905 -3.38344232
 -0.192118704 -3.3921101
 -0.185636577 -3.40063165
 -0.179249778 -3.40900874
 -0.172955545 -3.4172436
 -0.166751233 -3.42533874
 -0.160634308 -3.43329695
 -0.154602343 -3.44112118
 -0.148653011 -3.4488145
 -0.142784077 -3.45638003
 -0.136993398 -3.46382097
 -0.131278915 -3.47114048
 -0.125638647 -3.47834172
 -0.120070693 -3.48542783
 -0.114573221 -3.49240189
 -0.109144469 -3.4992669
 -0.103782741 -3.50602582
 -0.0984864012 -3.51268153
 -0.0932538743 -3.51923684
 -0.0880836408 -3.52569446
 -0.0829742351 -3.53205704
 -0.0779242423 -3.53832714
 -0.0729322968 -3.54450724
 -0.0679970791 -3.55059974
 -0.0631173145 -3.55660697
 -0.0582917706 -3.56253118
 -0.0535192557 -3.56837453
 -0.0487986171 -3.57413912
 -0.0441287389 -3.57982699
 -0.0395085413 -3.58544009
 -0.0349369782 -3.59098031
 -0.0304130364 -3.59644948
 -0.0259357341 -3.60184937
 -0.0215041193 -3.60718168
 -0.017117269 -3.61244806
 -0.012774288 -3.61765011
 -0.00847430754 -3.62278936
 -0.0042164844 -3.6278673
  0. -3.63288538
  0.00417594065 -3.63784498
  0.00831210984 -3.64274745
  0.012409258 -3.64759409
  0.0164681145 -3.65238617
  0.0204893884 -3.65712489
  0.0244737694 -3.66181145
  0.0284219282 -3.66644698
  0.0323345176 -3.67103259
  0.0362121727 -3.67556936
  0.0400555117 -3.68005833
  0.0438651369 -3.68450049
  0.0476416344 -3.68889683
  0.0513855756 -3.6932483
  0.0550975168 -3.69755581
  0.0587780006 -3.70182026
  0.0624275555 -3.70604251
  0.0660466971 -3.7102234
  0.0696359281 -3.71436374
  0.0731957389 -3.71846433
  0.0767266078 -3.72252594
  0.0802290016 -3.72654931
  0.083703376 -3.73053517
  0.0871501757 -3.73448422
  0.090569835 -3.73839716
  0.0939627779 -3.74227465
  0.0973294186 -3.74611733
  0.100670162 -3.74992585
  0.103985403 -3.75370081
  0.107275528 -3.75744281
  0.110540916 -3.76115245
  0.113781935 -3.76483027
  0.116998945 -3.76847684
  0.120192302 -3.7720927
  0.123362348 -3.77567837
  0.126509424 -3.77923436
  0.129633858 -3.78276117
  0.132735974 -3.78625928
  0.13581609 -3.78972918
  0.138874515 -3.79317132
  0.141911551 -3.79658615
  0.144927497 -3.79997411
  0.147922644 -3.80333564
  0.150897275 -3.80667115
  0.153851671 -3.80998105
  0.156786104 -3.81326574
  0.159700843 -3.81652561
  0.16259615 -3.81976105
  0.165472283 -3.82297242
  0.168329494 -3.8261601
  0.17116803 -3.82932443
  0.173988134 -3.83246576
  0.176790044 -3.83558444
  0.179573992 -3.8386808
  0.182340208 -3.84175516
  0.185088917 -3.84480783
  0.187820338 -3.84783914
  0.190534687 -3.85084939
  0.193232177 -3.85383887
  0.195913016 -3.85680787
  0.198577407 -3.85975669
  0.201225552 -3.8626856
  0.203857648 -3.86559487
  0.206473888 -3.86848477
  0.209074462 -3.87135558
  0.211659555 -3.87420753
  0.214229353 -3.87704089
  0.216784034 -3.8798559
  0.219323775 -3.8826528
  0.22184875 -3.88543184
  0.224359129 -3.88819324
  0.226855082 -3.89093723
  0.229336771 -3.89366403
  0.23180436 -3.89637387
  0.234258008 -3.89906696
  0.236697871 -3.90174352
  0.239124103 -3.90440373
  0.241536856 -3.90704782
  0.24393628 -3.90967598
  0.246322519 -3.9122884
  0.248695719 -3.91488528
  0.251056021 -3.91746681
  0.253403564 -3.92003316
  0.255738486 -3.92258453
  0.258060922 -3.92512109
  0.260371005 -3.92764301
  0.262668865 -3.93015047
  0.26495463 -3.93264363
  0.267228429 -3.93512267
  0.269490384 -3.93758774
  0.27174062 -3.94003901
  0.273979256 -3.94247663
  0.276206412 -3.94490075
  0.278422205 -3.94731154
  0.28062675 -3.94970914
  0.282820161 -3.95209369
  0.28500255 -3.95446534
