 -1.36172784  0.945872031
 -1.28254659  0.857843616
 -1.2155998  0.790565863
 -1.15760785  0.737221636
 -1.10645533  0.693166303
 -1.06069784  0.655361771
 -1.01930516  0.62185954
 -0.981516594  0.591413144
 -0.946754488  0.563218178
 -0.914569805  0.536747313
 -0.884606581  0.511647986
 -0.856577858  0.487679236
 -0.830248919  0.464672499
 -0.805425335  0.442506979
 -0.781944239  0.421093962
 -0.759667845  0.400366657
 -0.738478546  0.380273513
 -0.71827516  0.360773754
 -0.698970004  0.341834337
 -0.680486599  0.323427858
 -0.662757832  0.305531092
 -0.645724492  0.288123941
 -0.629334076  0.271188697
 -0.613539809  0.254709488
 -0.598299842  0.238671882
 -0.583576586  0.223062584
 -0.569336147  0.207869212
 -0.555547862  0.193080127
 -0.5421839  0.178684299
 -0.529218923  0.164671204
 -0.516629796  0.151030751
 -0.50439534  0.137753208
 -0.492496116  0.124829164
 -0.480914244  0.112249482
 -0.469633233  0.100005269
 -0.458637849  0.088087852
 -0.447913984  0.0764887548
 -0.43744855  0.0651996842
 -0.427229385  0.054212515
 -0.417245164  0.0435192799
 -0.407485327  0.0331121603
 -0.397940009  0.0229834803
 -0.388599982  0.0131257006
 -0.379456603  0.00353141459
 -0.37050176 -0.00580665468
 -0.361727836 -0.0148956572
 -0.353127664 -0.0237426179
 -0.344694497 -0.0323544376
 -0.336421971 -0.0407378944
 -0.328304081 -0.0488996438
 -0.320335151 -0.0568462196
 -0.312509813 -0.0645840339
 -0.304822985 -0.0721193774
 -0.297269847 -0.0794584192
 -0.289845829 -0.0866072074
 -0.28254659 -0.0935716685
 -0.275368005 -0.100357608
 -0.268306151 -0.106970711
 -0.261357291 -0.113416541
 -0.254517866 -0.119700542
 -0.247784484 -0.125828037
 -0.241153905 -0.13180423
 -0.234623038 -0.137634206
 -0.228188928 -0.143322932
 -0.22184875 -0.148875258
 -0.2155998 -0.154295915
 -0.209439492 -0.159589522
 -0.203365344 -0.16476058
 -0.19737498 -0.169813478
 -0.191466121 -0.174752494
 -0.185636577 -0.179581791
 -0.179884248 -0.184305428
 -0.174207115 -0.188927351
 -0.168603238 -0.193451402
 -0.163070749 -0.197881316
 -0.157607853 -0.202220728
 -0.152212821 -0.206473167
 -0.146883988 -0.210642064
 -0.141619748 -0.214730752
 -0.136418554 -0.218742466
 -0.131278915 -0.222680346
 -0.126199389 -0.226547442
 -0.121178588 -0.230346709
 -0.116215168 -0.234081015
 -0.111307834 -0.23775314
 -0.106455331 -0.241365778
 -0.101656448 -0.244921539
 -0.096910013 -0.248422952
 -0.0922148918 -0.251872465
 -0.0875699868 -0.25527245
 -0.0829742351 -0.258625201
 -0.0784266073 -0.261932936
 -0.0739261061 -0.265197804
 -0.0694717647 -0.268421881
 -0.0650626458 -0.271607174
 -0.0606978404 -0.274755623
 -0.0563764666 -0.277869102
 -0.0520976686 -0.280949423
 -0.0478606156 -0.283998334
 -0.0436645011 -0.287017523
 -0.0395085413 -0.29000862
 -0.0353919751 -0.292973198
 -0.0313140627 -0.295912772
 -0.0272740849 -0.298828807
 -0.0232713424 -0.301722712
 -0.0193051552 -0.304595848
 -0.0153748616 -0.307449524
 -0.0114798177 -0.310285002
 -0.00761939687 -0.313103498
 -0.00379298902 -0.315906182
  0. -0.318694181
  0.00376014887 -0.32146858
  0.00748802139 -0.324230419
  0.011184167 -0.326980703
  0.014849121 -0.329720396
  0.0184834057 -0.332450424
  0.02208753 -0.335171677
  0.0256619903 -0.33788501
  0.0292072711 -0.340591245
  0.0327238448 -0.343291169
  0.0362121727 -0.345985539
  0.0396727048 -0.348675079
  0.0431058806 -0.351360485
  0.0465121293 -0.354042422
  0.0498918699 -0.35672153
  0.053245512 -0.359398418
  0.0565734553 -0.362073674
  0.0598760909 -0.364747855
  0.0631538006 -0.367421497
  0.066406958 -0.370095112
  0.0696359281 -0.372769189
  0.072841068 -0.375444194
  0.0760227268 -0.378120573
  0.079181246 -0.380798751
  0.0823169599 -0.383479131
  0.0854301953 -0.386162101
  0.0885212723 -0.388848027
  0.091590504 -0.391537259
  0.0946381971 -0.394230129
  0.0976646517 -0.396926952
  0.100670162 -0.399628027
  0.103655015 -0.402333638
  0.106619494 -0.405044055
  0.109563875 -0.407759531
  0.112488428 -0.410480308
  0.115393419 -0.413206613
  0.118279107 -0.415938659
  0.121145748 -0.418676649
  0.12399359 -0.421420773
  0.12682288 -0.424171208
  0.129633858 -0.426928123
  0.132426758 -0.429691674
  0.135201812 -0.432462008
  0.137959247 -0.435239259
  0.140699284 -0.438023556
  0.143422142 -0.440815016
  0.146128036 -0.443613747
  0.148817174 -0.446419851
  0.151489764 -0.449233418
  0.154146008 -0.452054534
  0.156786104 -0.454883275
  0.159410248 -0.457719711
  0.162018631 -0.460563903
  0.164611441 -0.463415909
  0.167188864 -0.466275777
  0.169751081 -0.46914355
  0.17229827 -0.472019267
  0.174830607 -0.474902957
  0.177348263 -0.477794649
  0.179851408 -0.480694361
  0.182340208 -0.483602112
  0.184814827 -0.486517911
  0.187275426 -0.489441765
  0.189722162 -0.492373677
  0.192155191 -0.495313644
  0.194574665 -0.49826166
  0.196980735 -0.501217715
  0.199373548 -0.504181796
  0.201753249 -0.507153886
  0.204119983 -0.510133963
  0.206473888 -0.513122005
  0.208815104 -0.516117983
  0.211143766 -0.51912187
  0.213460009 -0.522133631
  0.215763964 -0.525153232
  0.218055761 -0.528180636
  0.220335527 -0.531215801
  0.222603388 -0.534258685
  0.224859469 -0.537309245
  0.22710389 -0.540367433
  0.229336771 -0.5434332
  0.231558231 -0.546506497
  0.233768386 -0.54958727
  0.23596735 -0.552675466
  0.238155236 -0.555771029
  0.240332155 -0.558873903
  0.242498217 -0.561984029
  0.244653529 -0.565101346
  0.246798198 -0.568225795
  0.248932327 -0.571357313
  0.251056021 -0.574495837
  0.25316938 -0.577641302
  0.255272505 -0.580793643
  0.257365495 -0.583952795
  0.259448446 -0.587118689
  0.261521454 -0.590291259
  0.263584615 -0.593470436
  0.265638021 -0.596656151
  0.267681763 -0.599848334
  0.269715933 -0.603046914
  0.27174062 -0.606251822
  0.273755911 -0.609462985
  0.275761893 -0.612680333
  0.277758653 -0.615903792
  0.279746274 -0.619133291
  0.28172484 -0.622368758
  0.283694433 -0.625610118
  0.285655134 -0.6288573
  0.287607023 -0.63211023
  0.289550178 -0.635368833
  0.291484678 -0.638633038
  0.293410599 -0.64190277
  0.295328017 -0.645177956
  0.297237007 -0.648458521
  0.299137642 -0.651744393
  0.301029996 -0.655035497
  0.30291414 -0.65833176
  0.304790145 -0.661633109
  0.306658081 -0.66493947
  0.308518017 -0.66825077
  0.310370022 -0.671566936
  0.312214163 -0.674887895
  0.314050506 -0.678213573
  0.315879117 -0.6815439
  0.317700061 -0.684878801
  0.319513401 -0.688218206
  0.321319202 -0.691562042
  0.323117526 -0.694910238
  0.324908433 -0.698262723
  0.326691986 -0.701619426
  0.328468244 -0.704980275
  0.330237267 -0.708345201
  0.331999113 -0.711714134
  0.33375384 -0.715087004
  0.335501507 -0.718463742
  0.337242168 -0.72184428
  0.338975881 -0.725228547
  0.3407027 -0.728616477
  0.342422681 -0.732008002
  0.344135876 -0.735403054
  0.34584234 -0.738801566
  0.347542125 -0.742203473
  0.349235283 -0.745608707
  0.350921866 -0.749017203
  0.352601924 -0.752428897
  0.354275508 -0.755843723
  0.355942667 -0.759261617
  0.357603451 -0.762682515
  0.359257908 -0.766106354
  0.360906087 -0.76953307
  0.362548034 -0.772962602
  0.364183796 -0.776394887
  0.365813421 -0.779829864
  0.367436954 -0.783267472
  0.36905444 -0.78670765
  0.370665924 -0.790150338
  0.372271451 -0.793595476
  0.373871064 -0.797043005
  0.375464807 -0.800492867
  0.377052722 -0.803945003
  0.378634853 -0.807399356
  0.380211242 -0.810855868
  0.381781929 -0.814314483
  0.383346956 -0.817775144
  0.384906363 -0.821237796
  0.386460191 -0.824702383
  0.38800848 -0.828168851
  0.389551268 -0.831637145
  0.391088595 -0.835107211
  0.3926205 -0.838578996
  0.39414702 -0.842052447
  0.395668193 -0.845527512
  0.397184056 -0.849004138
  0.398694647 -0.852482275
  0.400200002 -0.855961872
  0.401700158 -0.859442877
  0.403195149 -0.862925242
  0.404685011 -0.866408916
  0.40616978 -0.86989385
  0.40764949 -0.873379996
  0.409124176 -0.876867306
  0.410593871 -0.880355732
  0.412058609 -0.883845227
  0.413518424 -0.887335744
  0.414973348 -0.890827236
  0.416423414 -0.894319659
  0.417868655 -0.897812967
  0.419309103 -0.901307115
  0.420744788 -0.904802058
  0.422175743 -0.908297752
  0.423601999 -0.911794155
  0.425023586 -0.915291222
  0.426440535 -0.918788911
  0.427852876 -0.92228718
  0.429260639 -0.925785988
  0.430663853 -0.929285292
  0.432062549 -0.932785052
  0.433456754 -0.936285228
  0.434846497 -0.939785779
  0.436231808 -0.943286665
  0.437612713 -0.946787848
  0.438989242 -0.950289289
  0.440361422 -0.953790949
  0.44172928 -0.95729279
  0.443092843 -0.960794775
  0.444452138 -0.964296866
  0.445807192 -0.967799027
  0.447158031 -0.971301222
  0.448504682 -0.974803413
  0.44984717 -0.978305567
  0.451185521 -0.981807647
  0.45251976 -0.98530962
  0.453849912 -0.988811449
  0.455176003 -0.992313102
  0.456498058 -0.995814544
  0.4578161 -0.999315743
  0.459130153 -1.00281667
  0.460440243 -1.00631728
  0.461746393 -1.00981755
  0.463048626 -1.01331745
  0.464346967 -1.01681694
  0.465641437 -1.020316
  0.466932061 -1.02381459
  0.46821886 -1.02731269
  0.469501858 -1.03081026
  0.470781077 -1.03430727
  0.472056539 -1.03780369
  0.473328266 -1.0412995
  0.47459628 -1.04479467
  0.475860602 -1.04828917
  0.477121255 -1.05178296
  0.478378258 -1.05527603
  0.479631634 -1.05876834
  0.480881404 -1.06225987
  0.482127587 -1.06575059
  0.483370204 -1.06924047
  0.484609276 -1.07272949
  0.485844823 -1.07621763
  0.487076865 -1.07970485
  0.488305422 -1.08319114
  0.489530513 -1.08667646
  0.490752158 -1.09016079
  0.491970376 -1.09364411
  0.493185186 -1.0971264
  0.494396608 -1.10060762
  0.49560466 -1.10408777
  0.496809362 -1.1075668
  0.49801073 -1.11104471
  0.499208785 -1.11452147
  0.500403543 -1.11799705
  0.501595024 -1.12147143
  0.502783245 -1.1249446
  0.503968224 -1.12841653
  0.505149978 -1.13188719
  0.506328526 -1.13535658
  0.507503884 -1.13882466
