 -1.46089784 -1.68574327
 -1.3817166 -1.76242692
 -1.31476981 -1.83719299
 -1.25677786 -1.9117704
 -1.20562534 -1.98729756
 -1.15986785 -2.06441027
 -1.11847516 -2.14305479
 -1.0806866 -2.22196794
 -1.04592449 -2.29777515
 -1.01373981 -2.36414508
 -0.983776588 -2.41288651
 -0.955747864 -2.44121087
 -0.929418926 -2.46418235
 -0.904595342 -2.48575966
 -0.881114246 -2.5060909
 -0.858837851 -2.5253016
 -0.837648552 -2.54349909
 -0.817445166 -2.56077593
 -0.798140011 -2.57721252
 -0.779656605 -2.59287916
 -0.761927838 -2.60783769
 -0.744894499 -2.62214285
 -0.728504083 -2.63584328
 -0.712709816 -2.64898249
 -0.697469849 -2.66159949
 -0.682746592 -2.67372945
 -0.668506153 -2.68540418
 -0.654717869 -2.69665254
 -0.641353907 -2.70750083
 -0.62838893 -2.71797306
 -0.615799803 -2.7280912
 -0.603565346 -2.73787547
 -0.591666123 -2.74734445
 -0.58008425 -2.75651528
 -0.56880324 -2.76540383
 -0.557807856 -2.7740248
 -0.54708399 -2.78239182
 -0.536618557 -2.79051758
 -0.526399392 -2.7984139
 -0.516415171 -2.8060918
 -0.506655333 -2.81356158
 -0.497110015 -2.82083288
 -0.487769989 -2.82791474
 -0.47862661 -2.83481562
 -0.469671767 -2.84154348
 -0.460897843 -2.8481058
 -0.452297671 -2.85450964
 -0.443864503 -2.86076162
 -0.435591977 -2.86686802
 -0.427474087 -2.87283474
 -0.419505158 -2.87866737
 -0.41167982 -2.8843712
 -0.403992991 -2.88995123
 -0.396439854 -2.8954122
 -0.389015835 -2.90075861
 -0.381716597 -2.90599473
 -0.374538012 -2.91112459
 -0.367476158 -2.91615206
 -0.360527298 -2.92108078
 -0.353687873 -2.92591425
 -0.34695449 -2.93065577
 -0.340323912 -2.93530851
 -0.333793044 -2.93987549
 -0.327358934 -2.94435963
 -0.321018756 -2.94876392
 -0.314769807 -2.95309209
 -0.308609498 -2.95735175
 -0.302535351 -2.96156772
 -0.296544987 -2.96583547
 -0.290636127 -2.97048404
 -0.284806584 -2.97620601
 -0.279054255 -2.98331148
 -0.273377122 -2.99117219
 -0.267773244 -2.99920942
 -0.262240756 -3.00721093
 -0.25677786 -3.01512122
 -0.251382828 -3.02292849
 -0.246053995 -3.03063191
 -0.240789755 -3.03823329
 -0.235588561 -3.04573504
 -0.230448921 -3.05313963
 -0.225369396 -3.06044951
 -0.220348594 -3.06766703
 -0.215385175 -3.07479447
 -0.21047784 -3.08183404
 -0.205625338 -3.08878784
 -0.200826455 -3.09565793
 -0.19608002 -3.10244627
 -0.191384899 -3.10915479
 -0.186739993 -3.11578532
 -0.182144242 -3.12233964
 -0.177596614 -3.12881948
 -0.173096113 -3.13522651
 -0.168641771 -3.14156232
 -0.164232652 -3.1478285
 -0.159867847 -3.15402654
 -0.155546473 -3.1601579
 -0.151267675 -3.16622401
 -0.147030622 -3.17222624
 -0.142834508 -3.17816592
 -0.138678548 -3.18404434
 -0.134561982 -3.18986274
 -0.130484069 -3.19562235
 -0.126444092 -3.20132434
 -0.122441349 -3.20696986
 -0.118475162 -3.21256001
 -0.114544868 -3.21809587
 -0.110649824 -3.22357849
 -0.106789404 -3.22900889
 -0.102962996 -3.23438806
 -0.0991700067 -3.23971695
 -0.0954098579 -3.24499651
 -0.0916819853 -3.25022764
 -0.0879858398 -3.25541123
 -0.0843208857 -3.26054813
 -0.080686601 -3.26563919
 -0.0770824768 -3.27068522
 -0.0735080164 -3.27568701
 -0.0699627357 -3.28064535
 -0.0664461619 -3.28556097
 -0.0629578341 -3.29043462
 -0.059497302 -3.29526702
 -0.0560641261 -3.30005885
 -0.0526578774 -3.30481081
 -0.0492781368 -3.30952354
 -0.0459244948 -3.31419771
 -0.0425965514 -3.31883393
 -0.0392939159 -3.32343284
 -0.0360162061 -3.32799502
 -0.0327630487 -3.33252106
 -0.0295340786 -3.33701154
 -0.0263289387 -3.34146702
 -0.0231472799 -3.34588804
 -0.0199887607 -3.35027513
 -0.0168530468 -3.35462882
 -0.0137398114 -3.35894962
 -0.0106487344 -3.36323802
 -0.00757950271 -3.36749451
 -0.00453180963 -3.37171957
 -0.001505355 -3.37591366
  0.00150015514 -3.38007724
  0.00448500869 -3.38421074
  0.00744948766 -3.38831461
  0.0103938683 -3.39238928
  0.0133184213 -3.39643515
  0.016223412 -3.40045264
  0.0191091002 -3.40444215
  0.0219757409 -3.40840407
  0.0248235837 -3.41233877
  0.0276528737 -3.41624664
  0.0304638511 -3.42012804
  0.0332567513 -3.42398334
  0.0360318053 -3.42781287
  0.0387892399 -3.431617
  0.0415292772 -3.43539605
  0.0442521356 -3.43915037
  0.0469580289 -3.44288027
  0.0496471675 -3.44658607
  0.0523197573 -3.45026809
  0.054976001 -3.45392663
  0.0576160971 -3.45756199
  0.0602402409 -3.46117447
  0.0628486241 -3.46476436
  0.0654414346 -3.46833193
  0.0680188575 -3.47187748
  0.0705810743 -3.47540127
  0.0731282633 -3.47890357
  0.0756605998 -3.48238464
  0.078178256 -3.48584474
  0.0806814012 -3.48928413
  0.0831702016 -3.49270305
  0.0856448207 -3.49610175
  0.0881054193 -3.49948047
  0.0905521552 -3.50283944
  0.0929851839 -3.50617891
  0.095404658 -3.50949908
  0.0978107278 -3.5128002
  0.100203541 -3.51608247
  0.102583243 -3.51934611
  0.104949976 -3.52259135
  0.107303881 -3.52581837
  0.109645097 -3.5290274
  0.111973759 -3.53221863
  0.114290002 -3.53539226
  0.116593957 -3.53854848
  0.118885754 -3.54168749
  0.12116552 -3.54480948
  0.123433382 -3.54791463
  0.125689462 -3.55100312
  0.127933883 -3.55407513
  0.130166764 -3.55713084
  0.132388224 -3.56017043
  0.134598379 -3.56319406
  0.136797343 -3.5662019
  0.138985229 -3.56919412
  0.141162149 -3.57217088
  0.14332821 -3.57513234
  0.145483522 -3.57807866
  0.147628191 -3.58101
  0.14976232 -3.5839265
  0.151886014 -3.58682833
  0.153999373 -3.58971561
  0.156102498 -3.59258852
  0.158195488 -3.59544718
  0.160278439 -3.59829174
  0.162351448 -3.60112233
  0.164414608 -3.60393911
  0.166468014 -3.60674219
  0.168511756 -3.60953173
  0.170545926 -3.61230783
  0.172570613 -3.61507065
  0.174585904 -3.6178203
  0.176591887 -3.62055691
  0.178588647 -3.62328061
  0.180576268 -3.62599151
  0.182554834 -3.62868974
  0.184524427 -3.63137542
  0.186485127 -3.63404867
  0.188437016 -3.63670959
  0.190380171 -3.63935831
  0.192314671 -3.64199493
  0.194240592 -3.64461957
  0.19615801 -3.64723234
  0.198067 -3.64983334
  0.199967635 -3.65242268
  0.201859989 -3.65500047
  0.203744133 -3.65756681
  0.205620138 -3.6601218
  0.207488074 -3.66266554
  0.20934801 -3.66519813
  0.211200015 -3.66771968
  0.213044156 -3.67023027
  0.214880499 -3.67273
  0.21670911 -3.67521897
  0.218530054 -3.67769726
  0.220343395 -3.68016498
  0.222149195 -3.68262221
  0.223947519 -3.68506905
  0.225738427 -3.68750557
  0.227521979 -3.68993187
  0.229298237 -3.69234803
  0.23106726 -3.69475414
  0.232829106 -3.69715028
  0.234583834 -3.69953654
  0.2363315 -3.70191299
  0.238072162 -3.70427972
  0.239805874 -3.70663681
  0.241532694 -3.70898434
  0.243252674 -3.71132238
  0.24496587 -3.71365101
  0.246672333 -3.7159703
