 -1.33041377 -2.37872949
 -1.25123253 -2.44438169
 -1.18428574 -2.49265092
 -1.12629379 -2.53505022
 -1.07514127 -2.5756971
 -1.02938378 -2.61618193
 -0.987991093 -2.65706542
 -0.950202532 -2.69840762
 -0.915440425 -2.73997843
 -0.883255742 -2.78135387
 -0.853292519 -2.82197356
 -0.825263795 -2.86119248
 -0.798934856 -2.89834207
 -0.774111273 -2.9328035
 -0.750630177 -2.96408511
 -0.728353782 -2.99188693
 -0.707164483 -3.01613399
 -0.686961097 -3.03696817
 -0.667655942 -3.05470274
 -0.649172536 -3.06975599
 -0.631443769 -3.08258366
 -0.61441043 -3.09362501
 -0.598020014 -3.10326868
 -0.582225746 -3.1118373
 -0.56698578 -3.11958574
 -0.552262523 -3.1267078
 -0.538022084 -3.13334649
 -0.524233799 -3.139605
 -0.510869838 -3.14555674
 -0.497904861 -3.15125358
 -0.485315733 -3.15673233
 -0.473081277 -3.16201945
 -0.461182054 -3.16713467
 -0.449600181 -3.17211197
 -0.438319171 -3.17811411
 -0.427323786 -3.18918006
 -0.416599921 -3.20107778
 -0.406134487 -3.2126988
 -0.395915322 -3.22403738
 -0.385931101 -3.23510693
 -0.376171264 -3.24592012
 -0.366625946 -3.25648873
 -0.35728592 -3.26682371
 -0.34814254 -3.27693529
 -0.339187698 -3.28683304
 -0.330413773 -3.29652592
 -0.321813602 -3.30602231
 -0.313380434 -3.3153301
 -0.305107908 -3.32445673
 -0.296990018 -3.33340916
 -0.289021088 -3.34219398
 -0.281195751 -3.35081741
 -0.273508922 -3.35928533
 -0.265955784 -3.36760328
 -0.258531766 -3.37577654
 -0.251232527 -3.38381008
 -0.244053943 -3.39170864
 -0.236992088 -3.39947672
 -0.230043228 -3.40711858
 -0.223203804 -3.41463829
 -0.216470421 -3.42203972
 -0.209839842 -3.42932656
 -0.203308975 -3.43650232
 -0.196874865 -3.44357036
 -0.190534687 -3.45053388
 -0.184285738 -3.45739596
 -0.178125429 -3.46415951
 -0.172051281 -3.47082735
 -0.166060918 -3.47740216
 -0.160152058 -3.48388651
 -0.154322514 -3.49028287
 -0.148570185 -3.49659362
 -0.142893053 -3.50282101
 -0.137289175 -3.50896725
 -0.131756686 -3.51503441
 -0.126293791 -3.52102453
 -0.120898759 -3.52693954
 -0.115569925 -3.53278131
 -0.110305685 -3.53855165
 -0.105104492 -3.54425227
 -0.099964852 -3.54988486
 -0.0948853264 -3.55545103
 -0.0898645251 -3.56095232
 -0.0849011055 -3.56639025
 -0.079993771 -3.57176625
 -0.0751412682 -3.57708174
 -0.0703423854 -3.58233805
 -0.0655959503 -3.5875365
 -0.0609008291 -3.59267836
 -0.0562559241 -3.59776484
 -0.0516601724 -3.60279713
 -0.0471125446 -3.60777637
 -0.0426120434 -3.61270368
 -0.038157702 -3.61758013
 -0.0337485831 -3.62240677
 -0.0293837777 -3.6271846
 -0.0250624039 -3.6319146
 -0.0207836059 -3.63659773
 -0.016546553 -3.64123491
 -0.0123504384 -3.64582702
 -0.00819447862 -3.65037495
 -0.00407791242 -3.65487954
  0. -3.65934161
  0.0040399778 -3.66376195
  0.00804272026 -3.66814133
  0.0120089075 -3.67248053
  0.0159392011 -3.67678026
  0.019834245 -3.68104123
  0.0236946658 -3.68526415
  0.0275210737 -3.68944969
  0.0313140627 -3.69359851
  0.0350742115 -3.69771124
  0.0388020841 -3.70178851
  0.0424982296 -3.70583093
  0.0461631837 -3.70983909
  0.0497974684 -3.71381357
  0.0534015926 -3.71775492
  0.056976053 -3.7216637
  0.0605213338 -3.72554045
  0.0640379075 -3.72938568
  0.0675262353 -3.7331999
  0.0709867674 -3.73698361
  0.0744199433 -3.7407373
  0.077826192 -3.74446144
  0.0812059326 -3.74815649
  0.0845595746 -3.7518229
  0.087887518 -3.75546112
  0.0911901535 -3.75907158
  0.0944678633 -3.76265469
  0.0977210207 -3.76621087
  0.100949991 -3.76974053
  0.104155131 -3.77324404
  0.107336789 -3.77672181
  0.110495309 -3.7801742
  0.113631023 -3.78360159
  0.116744258 -3.78700433
  0.119835335 -3.79038278
  0.122904567 -3.79373728
  0.12595226 -3.79706817
  0.128978714 -3.80037578
  0.131984225 -3.80366043
  0.134969078 -3.80692245
  0.137933557 -3.81016213
  0.140877938 -3.81337979
  0.143802491 -3.81657572
  0.146707481 -3.81975022
  0.14959317 -3.82290357
  0.15245981 -3.82603604
  0.155307653 -3.82914793
  0.158136943 -3.83223948
  0.16094792 -3.83531098
  0.163740821 -3.83836268
  0.166515875 -3.84139482
  0.169273309 -3.84440767
  0.172013347 -3.84740147
  0.174736205 -3.85037645
  0.177442098 -3.85333285
  0.180131237 -3.8562709
  0.182803827 -3.85919083
  0.18546007 -3.86209286
  0.188100167 -3.86497721
  0.19072431 -3.86784409
  0.193332693 -3.87069372
  0.195925504 -3.8735263
  0.198502927 -3.87634203
  0.201065144 -3.87914111
  0.203612333 -3.88192374
  0.206144669 -3.88469012
  0.208662325 -3.88744042
  0.211165471 -3.89017484
  0.213654271 -3.89289356
  0.21612889 -3.89559676
  0.218589489 -3.89828461
  0.221036225 -3.90095729
  0.223469253 -3.90361497
  0.225888727 -3.90625782
  0.228294797 -3.90888599
  0.23068761 -3.91149966
  0.233067312 -3.91409898
  0.235434045 -3.91668411
  0.237787951 -3.91925521
  0.240129167 -3.92181242
  0.242457829 -3.92435589
  0.244774072 -3.92688578
  0.247078026 -3.92940222
  0.249369823 -3.93190536
  0.25164959 -3.93439533
  0.253917451 -3.93687229
  0.256173531 -3.93933635
  0.258417952 -3.94178766
  0.260650834 -3.94422635
  0.262872294 -3.94665254
  0.265082448 -3.94906637
  0.267281413 -3.95146796
  0.269469299 -3.95385742
  0.271646218 -3.9562349
  0.27381228 -3.9586005
  0.275967592 -3.96095434
  0.27811226 -3.96329653
  0.28024639 -3.96562721
  0.282370083 -3.96794647
  0.284483443 -3.97025442
  0.286586568 -3.97255119
  0.288679557 -3.97483687
  0.290762508 -3.97711157
  0.292835517 -3.9793754
  0.294898678 -3.98162846
  0.296952083 -3.98387085
  0.298995826 -3.98610268
  0.301029996 -3.98832404
  0.303054682 -3.99053503
