 -1.50242712 -2.22670194
 -1.42324587 -2.23155057
 -1.35629908 -2.23757915
 -1.29830714 -2.24465333
 -1.24715461 -2.25265548
 -1.20139712 -2.26147811
 -1.16000444 -2.27102124
 -1.12221588 -2.2811914
 -1.08745377 -2.29190147
 -1.05526909 -2.30307064
 -1.02530587 -2.31462454
 -0.997277142 -2.32649519
 -0.970948203 -2.33862092
 -0.946124619 -2.35094623
 -0.922643523 -2.36342145
 -0.900367129 -2.37600248
 -0.87917783 -2.38865037
 -0.858974443 -2.40133093
 -0.839669288 -2.41401433
 -0.821185883 -2.4266747
 -0.803457116 -2.43928973
 -0.786423776 -2.4518403
 -0.77003336 -2.46431013
 -0.754239093 -2.47668545
 -0.738999126 -2.48895472
 -0.72427587 -2.50110839
 -0.71003543 -2.51313857
 -0.696247146 -2.52503892
 -0.682883184 -2.53680438
 -0.669918207 -2.54843103
 -0.65732908 -2.55991593
 -0.645094624 -2.57125701
 -0.6331954 -2.58245292
 -0.621613528 -2.59350294
 -0.610332517 -2.60440688
 -0.599337133 -2.61516502
 -0.588613268 -2.62577802
 -0.578147834 -2.63624689
 -0.567928669 -2.64657289
 -0.557944448 -2.65675753
 -0.548184611 -2.6668025
 -0.538639293 -2.67670965
 -0.529299266 -2.68648097
 -0.520155887 -2.69611852
 -0.511201044 -2.70562447
 -0.50242712 -2.71500104
 -0.493826948 -2.72425047
 -0.485393781 -2.73337506
 -0.477121255 -2.74237712
 -0.469003364 -2.75125894
 -0.461034435 -2.76002285
 -0.453209097 -2.76867112
 -0.445522269 -2.77720605
 -0.437969131 -2.78562989
 -0.430545113 -2.79394488
 -0.423245874 -2.8021532
 -0.416067289 -2.81025703
 -0.409005435 -2.8182585
 -0.402056575 -2.8261597
 -0.39521715 -2.83396269
 -0.388483768 -2.84166948
 -0.381853189 -2.84928204
 -0.375322322 -2.85680231
 -0.368888212 -2.86423218
 -0.362548034 -2.87157349
 -0.356299084 -2.87882806
 -0.350138776 -2.88599763
 -0.344064628 -2.89308395
 -0.338074264 -2.90008868
 -0.332165405 -2.90701348
 -0.326335861 -2.91385994
 -0.320583532 -2.92062963
 -0.314906399 -2.92732408
 -0.309302522 -2.93394476
 -0.303770033 -2.94049313
 -0.298307137 -2.94697061
 -0.292912105 -2.95337857
 -0.287583272 -2.95971836
 -0.282319032 -2.96599129
 -0.277117838 -2.97219864
 -0.271978199 -2.97834165
 -0.266898673 -2.98442154
 -0.261877872 -2.9904395
 -0.256914452 -2.99639668
 -0.252007118 -3.00229421
 -0.247154615 -3.00813318
 -0.242355732 -3.01391467
 -0.237609297 -3.01963973
 -0.232914176 -3.02530937
 -0.228269271 -3.03092459
 -0.223673519 -3.03648636
 -0.219125891 -3.04199562
 -0.21462539 -3.04745331
 -0.210171049 -3.05286031
 -0.20576193 -3.05821751
 -0.201397124 -3.06352578
 -0.197075751 -3.06878594
 -0.192796953 -3.07399882
 -0.1885599 -3.07916521
 -0.184363785 -3.0842859
 -0.180207825 -3.08936165
 -0.176091259 -3.09439319
 -0.172013347 -3.09938127
 -0.167973369 -3.10432659
 -0.163970626 -3.10922984
 -0.160004439 -3.1140917
 -0.156074146 -3.11891283
 -0.152179102 -3.12369389
 -0.148318681 -3.1284355
 -0.144492273 -3.13313828
 -0.140699284 -3.13780286
 -0.136939135 -3.14242986
 -0.133211263 -3.14702008
 -0.129515117 -3.1515752
 -0.125850163 -3.15610135
 -0.122215878 -3.16062609
 -0.118611754 -3.16526664
 -0.115037294 -3.17035966
 -0.111492013 -3.17619311
 -0.107975439 -3.18248094
 -0.104487111 -3.1888786
 -0.101026579 -3.19526425
 -0.0975934034 -3.20160934
 -0.0941871547 -3.20790827
 -0.090807414 -3.21416037
 -0.087453772 -3.22036604
 -0.0841258287 -3.22652589
 -0.0808231931 -3.23264057
 -0.0775454834 -3.23871071
 -0.074292326 -3.24473695
 -0.0710633558 -3.25071991
 -0.067858216 -3.2566602
 -0.0646765572 -3.2625584
 -0.0615180379 -3.26841511
 -0.0583823241 -3.27423089
 -0.0552690886 -3.2800063
 -0.0521780117 -3.28574188
 -0.0491087799 -3.29143819
 -0.0460610869 -3.29709573
 -0.0430346322 -3.30271503
 -0.0400291221 -3.30829659
 -0.0370442685 -3.31384091
 -0.0340797896 -3.31934848
 -0.0311354089 -3.32481977
 -0.0282108559 -3.33025524
 -0.0253058653 -3.33565537
 -0.022420177 -3.3410206
 -0.0195535364 -3.34635136
 -0.0167056935 -3.3516481
 -0.0138764035 -3.35691125
 -0.0110654262 -3.36214121
 -0.00827252597 -3.3673384
 -0.00549747191 -3.37250322
 -0.00274003737 -3.37763607
  0. -3.38273734
  0.00272285834 -3.38780741
  0.00542875171 -3.39284664
  0.00811789022 -3.39785542
  0.0107904801 -3.4028341
  0.0134467237 -3.40778303
  0.0160868199 -3.41270257
  0.0187109637 -3.41759306
  0.0213193468 -3.42245484
  0.0239121574 -3.42728824
  0.0264895803 -3.43209358
  0.0290517971 -3.43687118
  0.0315989861 -3.44162136
  0.0341313226 -3.44634443
  0.0366489788 -3.4510407
  0.039152124 -3.45571045
  0.0416409244 -3.46035399
  0.0441155435 -3.46497161
  0.046576142 -3.46956359
  0.049022878 -3.47413021
  0.0514559067 -3.47867175
  0.0538753808 -3.48318848
  0.0562814505 -3.48768066
  0.0586742637 -3.49214856
  0.0610539654 -3.49659244
  0.0634206987 -3.50101255
  0.0657746041 -3.50540914
  0.0681158199 -3.50978246
  0.0704444822 -3.51413275
  0.0727607249 -3.51846025
  0.0750646799 -3.5227652
  0.0773564766 -3.52704783
  0.0796362429 -3.53130836
  0.0819041044 -3.53554702
  0.0841601847 -3.53976404
  0.0864046056 -3.54395962
  0.088637487 -3.54813399
  0.090858947 -3.55228736
  0.0930691018 -3.55641994
  0.0952680659 -3.56053192
  0.0974559521 -3.56462352
  0.0996328713 -3.56869493
  0.101798933 -3.57274635
  0.103954245 -3.57677798
  0.106098914 -3.58079
  0.108233043 -3.5847826
  0.110356737 -3.58875597
  0.112470096 -3.59271029
  0.114573221 -3.59664574
  0.116666211 -3.60056251
  0.118749162 -3.60446076
  0.12082217 -3.60834067
  0.122885331 -3.6122024
  0.124938737 -3.61604614
  0.126982479 -3.61987203
  0.129016649 -3.62368025
  0.131041336 -3.62747096
  0.133056627 -3.63124432
  0.13506261 -3.63500048
  0.137059369 -3.6387396
  0.139046991 -3.64246184
  0.141025557 -3.64616733
  0.142995149 -3.64985624
  0.14495585 -3.65352871
  0.146907739 -3.65718488
  0.148850894 -3.6608249
  0.150785394 -3.6644489
  0.152711315 -3.66805703
  0.154628733 -3.67164943
  0.156537723 -3.67522623
  0.158438358 -3.67878756
  0.160330712 -3.68233356
  0.162214856 -3.68586436
  0.164090861 -3.68938008
  0.165958797 -3.69288086
  0.167818733 -3.69636682
  0.169670738 -3.69983808
  0.171514879 -3.70329477
  0.173351222 -3.70673701
  0.175179833 -3.71016492
  0.177000777 -3.71357861
  0.178814117 -3.7169782
  0.180619918 -3.72036382
  0.182418242 -3.72373556
  0.184209149 -3.72709355
  0.185992702 -3.7304379
  0.18776896 -3.73376871
  0.189537983 -3.73708609
  0.191299829 -3.74039016
  0.193054557 -3.74368101
  0.194802223 -3.74695875
  0.196542884 -3.75022349
  0.198276597 -3.75347533
  0.200003416 -3.75671437
  0.201723397 -3.7599407
  0.203436592 -3.76315444
  0.205143056 -3.76635566
  0.206842841 -3.76954448
  0.208535999 -3.77272099
