 -1.43616265 -1.76893495
 -1.3569814 -1.85029222
 -1.29003461 -1.92395376
 -1.23204266 -1.99209576
 -1.18089014 -2.05598827
 -1.13513265 -2.11637294
 -1.09373997 -2.17365012
 -1.05595141 -2.227982
 -1.0211893 -2.27935882
 -0.989004616 -2.3276516
 -0.959041392 -2.37266419
 -0.931012669 -2.41418987
 -0.90468373 -2.4520716
 -0.879860146 -2.48625861
 -0.85637905 -2.51684875
 -0.834102656 -2.54410696
 -0.812913357 -2.56845616
 -0.792709971 -2.59044405
 -0.773404815 -2.6106936
 -0.75492141 -2.6298256
 -0.737192643 -2.6481751
 -0.720159303 -2.66581461
 -0.703768887 -2.68279826
 -0.68797462 -2.69917429
 -0.672734653 -2.71498586
 -0.658011397 -2.73027177
 -0.643770958 -2.74506699
 -0.629982673 -2.75940316
 -0.616618711 -2.77330902
 -0.603653734 -2.78681073
 -0.591064607 -2.7999322
 -0.578830151 -2.81269529
 -0.566930927 -2.8251201
 -0.555349055 -2.83722511
 -0.544068044 -2.84902737
 -0.53307266 -2.86054263
 -0.522348795 -2.87178547
 -0.511883361 -2.88276945
 -0.501664196 -2.89350715
 -0.491679975 -2.90401028
 -0.481920138 -2.91428978
 -0.47237482 -2.92435587
 -0.463034793 -2.9342181
 -0.453891414 -2.94388543
 -0.444936571 -2.95336625
 -0.436162647 -2.96266847
 -0.427562475 -2.97179951
 -0.419129308 -2.98076636
 -0.410856782 -2.98957563
 -0.402738892 -2.99823354
 -0.394769962 -3.00674598
 -0.386944624 -3.01511851
 -0.379257796 -3.0233564
 -0.371704658 -3.03146466
 -0.36428064 -3.03944803
 -0.356981401 -3.04731101
 -0.349802816 -3.05505787
 -0.342740962 -3.0626927
 -0.335792102 -3.07021936
 -0.328952677 -3.07764154
 -0.322219295 -3.08496278
 -0.315588716 -3.09218641
 -0.309057849 -3.09931566
 -0.302623739 -3.10635358
 -0.296283561 -3.1133031
 -0.290034611 -3.12016702
 -0.283874303 -3.12694803
 -0.277800155 -3.13364868
 -0.271809791 -3.14027145
 -0.265900932 -3.14681868
 -0.260071388 -3.15329265
 -0.254319059 -3.15969552
 -0.248641926 -3.16602937
 -0.243038049 -3.17229622
 -0.23750556 -3.17849799
 -0.232042664 -3.18463653
 -0.226647632 -3.19071361
 -0.221318799 -3.19673097
 -0.216054559 -3.20269023
 -0.210853365 -3.208593
 -0.205713726 -3.2144408
 -0.2006342 -3.22023512
 -0.195613399 -3.22597736
 -0.190649979 -3.23166892
 -0.185742645 -3.23731111
 -0.180890142 -3.24290521
 -0.176091259 -3.24845245
 -0.171344824 -3.25395403
 -0.166649703 -3.2594111
 -0.162004798 -3.26482477
 -0.157409046 -3.27019612
 -0.152861418 -3.27552619
 -0.148360917 -3.28081598
 -0.143906576 -3.28606646
 -0.139497457 -3.29127859
 -0.135132651 -3.29645326
 -0.130811278 -3.30159137
 -0.12653248 -3.30669376
 -0.122295427 -3.31176127
 -0.118099312 -3.31679469
 -0.113943352 -3.3217948
 -0.109826786 -3.32676236
 -0.105748874 -3.33169808
 -0.101708896 -3.33660269
 -0.0977061534 -3.34147686
 -0.0937399662 -3.34632126
 -0.0898096726 -3.35113653
 -0.0859146287 -3.35592331
 -0.0820542079 -3.36068219
 -0.0782278 -3.36541376
 -0.074434811 -3.3701186
 -0.0706746621 -3.37479726
 -0.0669467896 -3.37945028
 -0.0632506441 -3.38407818
 -0.05958569 -3.38868147
 -0.0559514053 -3.39326065
 -0.0523472811 -3.39781618
 -0.0487728207 -3.40234853
 -0.0452275399 -3.40685817
 -0.0417109662 -3.41134552
 -0.0382226384 -3.41581101
 -0.0347621063 -3.42025506
 -0.0313289304 -3.42467807
 -0.0279226817 -3.42908042
 -0.0245429411 -3.43346251
 -0.0211892991 -3.4378247
 -0.0178613557 -3.44216735
 -0.0145587202 -3.44649081
 -0.0112810104 -3.45079542
 -0.00802785301 -3.4550815
 -0.00479888288 -3.45934939
 -0.00159374301 -3.4635994
  0.00158791578 -3.46783182
  0.00474643502 -3.47204695
  0.00788214888 -3.47624508
  0.0109953843 -3.4804265
  0.0140864613 -3.48459147
  0.017155693 -3.48874026
  0.0202033861 -3.49287312
  0.0232298407 -3.49699031
  0.0262353509 -3.50109207
  0.0292202044 -3.50517864
  0.0321846834 -3.50925024
  0.035129064 -3.51330712
  0.038053617 -3.51734947
  0.0409586077 -3.52137752
  0.0438442959 -3.52539148
  0.0467109366 -3.52939154
  0.0495587794 -3.5333779
  0.0523880695 -3.53735076
  0.0551990468 -3.5413103
  0.057991947 -3.5452567
  0.060767001 -3.54919014
  0.0635244356 -3.55311078
  0.0662644729 -3.55701881
  0.0689873313 -3.56091438
  0.0716932247 -3.56479765
  0.0743823632 -3.56866877
  0.077054953 -3.5725279
  0.0797111967 -3.57637518
  0.0823512928 -3.58021076
  0.0849754367 -3.58403477
  0.0875838198 -3.58784736
  0.0901766303 -3.59164864
  0.0927540532 -3.59543876
  0.09531627 -3.59921784
  0.097863459 -3.602986
  0.100395796 -3.60674336
  0.102913452 -3.61049003
  0.105416597 -3.61422613
  0.107905397 -3.61795178
  0.110380016 -3.62166707
  0.112840615 -3.62537211
  0.115287351 -3.62906701
  0.11772038 -3.63275186
  0.120139854 -3.63642676
  0.122545923 -3.64009181
  0.124938737 -3.6437471
  0.127318438 -3.64739271
  0.129685172 -3.65102875
  0.132039077 -3.65465528
  0.134380293 -3.65827241
  0.136708955 -3.6618802
  0.139025198 -3.66547874
  0.141329153 -3.6690681
  0.14362095 -3.67264837
  0.145900716 -3.67621961
  0.148168577 -3.6797819
  0.150424658 -3.68333531
  0.152669079 -3.68687991
  0.15490196 -3.69041576
  0.15712342 -3.69394293
  0.159333575 -3.69746148
  0.161532539 -3.70097148
  0.163720425 -3.70447299
  0.165897344 -3.70796607
  0.168063406 -3.71145078
  0.170218718 -3.71492716
  0.172363387 -3.71839529
  0.174497516 -3.72185521
  0.17662121 -3.72530698
  0.178734569 -3.72875064
  0.180837694 -3.73218626
  0.182930684 -3.73561387
  0.185013635 -3.73903354
  0.187086643 -3.7424453
  0.189149804 -3.7458492
  0.19120321 -3.74924529
  0.193246952 -3.75263361
  0.195281122 -3.75601422
  0.197305809 -3.75938714
  0.1993211 -3.76275242
  0.201327082 -3.76611011
  0.203323842 -3.76946024
  0.205311463 -3.77280285
  0.207290029 -3.77613798
  0.209259622 -3.77946568
  0.211220323 -3.78278596
  0.213172212 -3.78609889
  0.215115367 -3.78940448
  0.217049867 -3.79270277
  0.218975788 -3.7959938
  0.220893206 -3.79927761
  0.222802196 -3.80255422
  0.224702831 -3.80582366
  0.226595185 -3.80908598
  0.228479329 -3.8123412
  0.230355334 -3.81558935
  0.23222327 -3.81883046
  0.234083206 -3.82206456
  0.235935211 -3.82529169
  0.237779352 -3.82851186
  0.239615695 -3.83172512
  0.241444306 -3.83493148
  0.24326525 -3.83813097
  0.24507859 -3.84132363
  0.246884391 -3.84450947
  0.248682715 -3.84768853
  0.250473622 -3.85086082
  0.252257175 -3.85402638
  0.254033433 -3.85718524
  0.255802456 -3.8603374
  0.257564302 -3.86348291
  0.259319029 -3.86662178
  0.261066696 -3.86975403
  0.262807357 -3.8728797
  0.26454107 -3.8759988
  0.266267889 -3.87911136
  0.26798787 -3.88221739
  0.269701065 -3.88531693
  0.271407529 -3.88840999
  0.273107314 -3.89149659
  0.274800472 -3.89457676
  0.276487055 -3.89765052
  0.278167113 -3.90071788
  0.279840697 -3.90377888
  0.281507856 -3.90683352
  0.28316864 -3.90988184
  0.284823097 -3.91292384
  0.286471275 -3.91595956
  0.288113223 -3.918989
  0.289748985 -3.9220122
  0.29137861 -3.92502916
  0.293002143 -3.92803991
  0.294619629 -3.93104447
  0.296231113 -3.93404285
  0.297836639 -3.93703507
  0.299436253 -3.94002116
  0.301029996 -3.94300113
  0.302617911 -3.945975
  0.304200042 -3.94894279
  0.305776431 -3.95190451
  0.307347118 -3.95486018
  0.308912145 -3.95780983
  0.310471552 -3.96075346
  0.31202538 -3.9636911
