 -1.5132176 -2.12998133
 -1.43403635 -2.15438523
 -1.36708956 -2.1802052
 -1.30909762 -2.20669445
 -1.25794509 -2.23331395
 -1.2121876 -2.25969145
 -1.17079492 -2.28558093
 -1.13300636 -2.31082824
 -1.09824425 -2.33534413
 -1.06605957 -2.3590842
 -1.03609635 -2.38203434
 -1.00806762 -2.40420047
 -0.981738683 -2.42560139
 -0.956915099 -2.44626377
 -0.933434003 -2.46621882
 -0.911157609 -2.48549997
 -0.88996831 -2.50414134
 -0.869764924 -2.52217679
 -0.850459768 -2.5396392
 -0.831976363 -2.55656017
 -0.814247596 -2.57296973
 -0.797214256 -2.58889626
 -0.78082384 -2.60436649
 -0.765029573 -2.61940548
 -0.749789607 -2.63403668
 -0.73506635 -2.64828202
 -0.720825911 -2.66216199
 -0.707037626 -2.67569571
 -0.693673665 -2.68890104
 -0.680708687 -2.70179464
 -0.66811956 -2.71439208
 -0.655885104 -2.72670792
 -0.64398588 -2.73875575
 -0.632404008 -2.7505483
 -0.621122997 -2.7620975
 -0.610127613 -2.7734145
 -0.599403748 -2.78450979
 -0.588938314 -2.79539317
 -0.578719149 -2.8060739
 -0.568734928 -2.81656064
 -0.558975091 -2.82686156
 -0.549429773 -2.83698435
 -0.540089746 -2.84693626
 -0.530946367 -2.85672412
 -0.521991524 -2.86635439
 -0.5132176 -2.87583316
 -0.504617428 -2.88516619
 -0.496184261 -2.89435895
 -0.487911735 -2.90341658
 -0.479793845 -2.912344
 -0.471824915 -2.92114583
 -0.463999577 -2.92982649
 -0.456312749 -2.93839016
 -0.448759611 -2.9468408
 -0.441335593 -2.95518221
 -0.434036354 -2.96341798
 -0.426857769 -2.97155153
 -0.419795915 -2.97958612
 -0.412847055 -2.98752488
 -0.40600763 -2.99537075
 -0.399274248 -3.00312659
 -0.392643669 -3.01079508
 -0.386112802 -3.01837882
 -0.379678692 -3.02588027
 -0.373338514 -3.0333018
 -0.367089564 -3.04064567
 -0.360929256 -3.04791405
 -0.354855108 -3.055109
 -0.348864744 -3.06223252
 -0.342955885 -3.06928652
 -0.337126341 -3.07627282
 -0.331374012 -3.08319318
 -0.325696879 -3.09004928
 -0.320093002 -3.09684275
 -0.314560513 -3.10357514
 -0.309097617 -3.11024794
 -0.303702586 -3.11686261
 -0.298373752 -3.12342051
 -0.293109512 -3.12992298
 -0.287908318 -3.13637131
 -0.282768679 -3.14276674
 -0.277689153 -3.14911045
 -0.272668352 -3.1554036
 -0.267704932 -3.16164729
 -0.262797598 -3.1678426
 -0.257945095 -3.17399055
 -0.253146212 -3.18009214
 -0.248399777 -3.18614833
 -0.243704656 -3.19216006
 -0.239059751 -3.19812822
 -0.234463999 -3.20405368
 -0.229916371 -3.20993729
 -0.22541587 -3.21577984
 -0.220961529 -3.22158214
 -0.21655241 -3.22734494
 -0.212187604 -3.23306897
 -0.207866231 -3.23875497
 -0.203587433 -3.2444036
 -0.19935038 -3.25001555
 -0.195154265 -3.25559147
 -0.190998305 -3.26113198
 -0.186881739 -3.26663771
 -0.182803827 -3.27210923
 -0.178763849 -3.27754713
 -0.174761106 -3.28295197
 -0.170794919 -3.28832428
 -0.166864626 -3.29366461
 -0.162969582 -3.29897345
 -0.159109161 -3.30425131
 -0.155282753 -3.30949867
 -0.151489764 -3.314716
 -0.147729615 -3.31990377
 -0.144001743 -3.32506241
 -0.140305597 -3.33019236
 -0.136640643 -3.33529404
 -0.133006358 -3.34036786
 -0.129402234 -3.34541423
 -0.125827774 -3.35043353
 -0.122282493 -3.35542614
 -0.118765919 -3.36039244
 -0.115277591 -3.36533278
 -0.111817059 -3.37024751
 -0.108383883 -3.37513698
 -0.104977635 -3.38000153
 -0.101597894 -3.38484147
 -0.0982442521 -3.38965714
 -0.0949163087 -3.39444883
 -0.0916136732 -3.39921685
 -0.0883359634 -3.40396151
 -0.085082806 -3.40868308
 -0.0818538359 -3.41338186
 -0.078648696 -3.41805811
 -0.0754670372 -3.42271212
 -0.072308518 -3.42734414
 -0.0691728041 -3.43195443
 -0.0660595687 -3.43654324
 -0.0629684917 -3.44111083
 -0.05989926 -3.44565743
 -0.0568515669 -3.45018328
 -0.0538251123 -3.45468862
 -0.0508196022 -3.45917366
 -0.0478347486 -3.46363863
 -0.0448702697 -3.46808376
 -0.041925889 -3.47250924
 -0.039001336 -3.4769153
 -0.0360963453 -3.48130213
 -0.0332106571 -3.48566993
 -0.0303440165 -3.49001891
 -0.0274961736 -3.49434925
 -0.0246668836 -3.49866115
 -0.0218559062 -3.50295478
 -0.019063006 -3.50723034
 -0.016287952 -3.51148799
 -0.0135305174 -3.51572792
 -0.0107904801 -3.5199503
 -0.00806762175 -3.52415529
 -0.00536172837 -3.52834306
 -0.00267258986 -3.53251377
  0. -3.53666759
  0.00265624364 -3.54080466
  0.00529633981 -3.54492515
  0.00792048364 -3.54902921
  0.0105288667 -3.55311697
  0.0131216773 -3.5571886
  0.0156991002 -3.56124423
  0.018261317 -3.56528401
  0.020808506 -3.56930807
  0.0233408425 -3.57331656
  0.0258584987 -3.57730959
  0.0283616439 -3.58128732
  0.0308504443 -3.58524987
  0.0333250634 -3.58919736
  0.035785662 -3.59312992
  0.0382323979 -3.59704768
  0.0406654266 -3.60095076
  0.0430849007 -3.60483928
  0.0454909705 -3.60871336
  0.0478837836 -3.61257311
  0.0502634853 -3.61641865
  0.0526302186 -3.62025009
  0.054984124 -3.62406755
  0.0573253398 -3.62787113
  0.0596540021 -3.63166094
  0.0619702449 -3.6354371
  0.0642741998 -3.6391997
  0.0665659965 -3.64294884
  0.0688457628 -3.64668464
  0.0711136243 -3.65040719
  0.0733697046 -3.65411659
  0.0756141255 -3.65781294
  0.077847007 -3.66149634
  0.080068467 -3.66516687
  0.0822786218 -3.66882465
  0.0844775859 -3.67246975
  0.086665472 -3.67610227
  0.0888423913 -3.67972231
  0.091008453 -3.68332995
  0.093163765 -3.68692527
  0.0953084335 -3.69050837
  0.097442563 -3.69407934
  0.0995662567 -3.69763825
  0.101679616 -3.70118519
  0.103782741 -3.70472024
  0.105875731 -3.7082435
  0.107958682 -3.71175502
  0.11003169 -3.71525491
  0.112094851 -3.71874323
  0.114148257 -3.72222006
  0.116191999 -3.72568549
  0.118226169 -3.72913958
  0.120250856 -3.73258241
  0.122266147 -3.73601406
  0.124272129 -3.7394346
  0.126268889 -3.7428441
  0.12825651 -3.74624263
  0.130235076 -3.74963028
  0.132204669 -3.75300709
  0.13416537 -3.75637315
  0.136117259 -3.75972853
  0.138060414 -3.76307329
  0.139994914 -3.7664075
  0.141920835 -3.76973122
  0.143838253 -3.77304452
  0.145747243 -3.77634747
  0.147647878 -3.77964013
  0.149540232 -3.78292257
  0.151424375 -3.78619484
  0.15330038 -3.78945702
  0.155168317 -3.79270915
  0.157028253 -3.79595131
  0.158880258 -3.79918355
  0.160724399 -3.80240594
  0.162560742 -3.80561853
  0.164389353 -3.80882138
  0.166210297 -3.81201454
  0.168023637 -3.81519809
  0.169829438 -3.81837207
  0.171627762 -3.82153654
  0.173418669 -3.82469156
  0.175202222 -3.82783717
  0.17697848 -3.83097345
  0.178747503 -3.83410043
  0.180509349 -3.83721818
  0.182264076 -3.84032675
  0.184011743 -3.84342618
  0.185752404 -3.84651654
  0.187486117 -3.84959788
  0.189212936 -3.85267023
  0.190932917 -3.85573367
  0.192646112 -3.85878823
  0.194352576 -3.86183397
  0.196052361 -3.86487093
  0.197745519 -3.86789917
  0.199432102 -3.87091874
  0.20111216 -3.87392967
  0.202785744 -3.87693202
  0.204452903 -3.87992585
  0.206113687 -3.88291118
  0.207768144 -3.88588807
  0.209416322 -3.88885657
  0.21105827 -3.89181672
  0.212694032 -3.89476857
  0.214323657 -3.89771216
  0.21594719 -3.90064754
  0.217564676 -3.90357474
  0.21917616 -3.90649382
  0.220781686 -3.90940482
  0.2223813 -3.91230778
  0.223975043 -3.91520274
  0.225562958 -3.91808974
  0.227145089 -3.92096884
  0.228721478 -3.92384006
  0.230292165 -3.92670345
  0.231857192 -3.92955905
  0.233416599 -3.93240691
  0.234970427 -3.93524705
  0.236518716 -3.93807953
  0.238061504 -3.94090438
  0.239598831 -3.94372163
  0.241130736 -3.94653134
  0.242657256 -3.94933354
  0.244178429 -3.95212826
  0.245694292 -3.95491555
  0.247204883 -3.95769544
  0.248710238 -3.96046796
  0.250210393 -3.96323317
  0.251705385 -3.96599109
  0.253195247 -3.96874176
  0.254680016 -3.97148521
  0.256159726 -3.97422149
  0.257634412 -3.97695063
  0.259104107 -3.97967266
  0.260568845 -3.98238762
  0.26202866 -3.98509555
  0.263483584 -3.98779647
  0.26493365 -3.99049042
  0.266378891 -3.99317745
  0.267819339 -3.99585757
  0.269255024 -3.99853083
  0.270685979 -4.00119726
  0.272112235 -4.00385689
  0.273533822 -4.00650975
  0.274950771 -4.00915588
  0.276363112 -4.01179532
  0.277770875 -4.01442808
  0.279174089 -4.0170542
  0.280572785 -4.01967373
  0.28196699 -4.02228667
  0.283356733 -4.02489308
  0.284742044 -4.02749298
  0.286122949 -4.03008639
  0.287499478 -4.03267336
  0.288871658 -4.03525391
  0.290239516 -4.03782807
  0.291603079 -4.04039587
  0.292962374 -4.04295734
  0.294317428 -4.04551252
  0.295668267 -4.04806142
  0.297014918 -4.05060408
  0.298357406 -4.05314054
  0.299695757 -4.0556708
  0.301029996 -4.05819492
  0.302360148 -4.06071291
  0.303686239 -4.06322479
  0.305008294 -4.06573061
  0.306326335 -4.06823039
  0.307640389 -4.07072415
  0.308950479 -4.07321193
  0.310256629 -4.07569375
  0.311558862 -4.07816963
  0.312857203 -4.08063961
