 -1.2121876 -2.30132778
 -1.13300636 -2.39837378
 -1.06605957 -2.48285153
 -1.00806762 -2.55382184
 -0.956915099 -2.61097
 -0.911157609 -2.65508521
 -0.869764924 -2.68809978
 -0.831976363 -2.71275671
 -0.797214256 -2.73214672
 -0.765029573 -2.74940426
 -0.73506635 -2.76736605
 -0.707037626 -2.78645414
 -0.680708687 -2.80626533
 -0.655885104 -2.82650054
 -0.632404008 -2.84693815
 -0.610127613 -2.86741407
 -0.588938314 -2.88780713
 -0.568734928 -2.90802836
 -0.549429773 -2.92801306
 -0.530946367 -2.94771485
 -0.5132176 -2.96710124
 -0.496184261 -2.9861503
 -0.479793845 -3.00484813
 -0.463999577 -3.0231869
 -0.448759611 -3.04116341
 -0.434036354 -3.05877792
 -0.419795915 -3.07603332
 -0.40600763 -3.09293446
 -0.392643669 -3.10948758
 -0.379678692 -3.12569998
 -0.367089564 -3.14157963
 -0.354855108 -3.15713502
 -0.342955885 -3.17237489
 -0.331374012 -3.18730814
 -0.320093002 -3.2019437
 -0.309097617 -3.21629045
 -0.298373752 -3.23035717
 -0.287908318 -3.24415245
 -0.277689153 -3.25768473
 -0.267704932 -3.2709622
 -0.257945095 -3.28399281
 -0.248399777 -3.29678429
 -0.239059751 -3.3093441
 -0.229916371 -3.32167945
 -0.220961529 -3.3337973
 -0.212187604 -3.34570436
 -0.203587433 -3.35740709
 -0.195154265 -3.36891171
 -0.186881739 -3.38022421
 -0.178763849 -3.39135034
 -0.170794919 -3.40229565
 -0.162969582 -3.41306546
 -0.155282753 -3.42366489
 -0.147729615 -3.43409889
 -0.140305597 -3.44437217
 -0.133006358 -3.45448931
 -0.125827774 -3.46445468
 -0.118765919 -3.4742725
 -0.111817059 -3.48394684
 -0.104977635 -3.4934816
 -0.0982442521 -3.50288054
 -0.0916136732 -3.51214728
 -0.085082806 -3.52128532
 -0.078648696 -3.53029801
 -0.072308518 -3.53918859
 -0.0660595687 -3.54796018
 -0.05989926 -3.5566158
 -0.0538251123 -3.56515835
 -0.0478347486 -3.57359062
 -0.041925889 -3.58191533
 -0.0360963453 -3.59013509
 -0.0303440165 -3.59825241
 -0.0246668836 -3.60626972
 -0.019063006 -3.61418939
 -0.0135305174 -3.62201369
 -0.00806762175 -3.62974481
 -0.00267258986 -3.63738488
  0.00265624364 -3.64493595
  0.00792048364 -3.65240003
  0.0131216773 -3.65977902
  0.018261317 -3.66707481
  0.0233408425 -3.67428919
  0.0283616439 -3.68142391
  0.0333250634 -3.68848068
  0.0382323979 -3.69546113
  0.0430849007 -3.70236686
  0.0478837836 -3.70919942
  0.0526302186 -3.7159603
  0.0573253398 -3.72265096
  0.0619702449 -3.72927281
  0.0665659965 -3.73582723
  0.0711136243 -3.74231554
  0.0756141255 -3.74873904
  0.080068467 -3.75509899
  0.0844775859 -3.7613966
  0.0888423913 -3.76763306
  0.093163765 -3.77380954
  0.097442563 -3.77992714
  0.101679616 -3.78598697
  0.105875731 -3.79199009
  0.11003169 -3.79793752
  0.114148257 -3.80383028
  0.118226169 -3.80966934
  0.122266147 -3.81545567
  0.126268889 -3.82119018
  0.130235076 -3.82687379
  0.13416537 -3.83250738
  0.138060414 -3.8380918
  0.141920835 -3.84362791
  0.145747243 -3.8491165
  0.149540232 -3.85455839
  0.15330038 -3.85995434
  0.157028253 -3.86530512
  0.160724399 -3.87061147
  0.164389353 -3.87587411
  0.168023637 -3.88109374
  0.171627762 -3.88627106
  0.175202222 -3.89140673
  0.178747503 -3.89650142
  0.182264076 -3.90155575
  0.185752404 -3.90657037
  0.189212936 -3.91154589
  0.192646112 -3.91648289
  0.196052361 -3.92138197
  0.199432102 -3.9262437
  0.202785744 -3.93106864
  0.206113687 -3.93585733
  0.209416322 -3.94061031
  0.212694032 -3.94532811
  0.21594719 -3.95001123
  0.21917616 -3.95466017
  0.2223813 -3.95927543
  0.225562958 -3.96385749
  0.228721478 -3.96840681
  0.231857192 -3.97292386
  0.234970427 -3.97740909
  0.238061504 -3.98186294
  0.241130736 -3.98628583
  0.244178429 -3.9906782
  0.247204883 -3.99504046
  0.250210393 -3.99937302
  0.253195247 -4.00367626
  0.256159726 -4.0079506
  0.259104107 -4.0121964
  0.26202866 -4.01641404
  0.26493365 -4.02060389
  0.267819339 -4.02476632
  0.270685979 -4.02890167
  0.273533822 -4.0330103
  0.276363112 -4.03709254
  0.279174089 -4.04114872
  0.28196699 -4.04517919
  0.284742044 -4.04918425
  0.287499478 -4.05316422
  0.290239516 -4.05711942
  0.292962374 -4.06105015
