 -1.27184161 -2.53075742
 -1.19266036 -2.61846697
 -1.12571357 -2.68072994
 -1.06772162 -2.72794418
 -1.0165691 -2.76552713
 -0.970811611 -2.79655331
 -0.929418926 -2.82289068
 -0.891630365 -2.84573885
 -0.856868259 -2.86590434
 -0.824683575 -2.88395059
 -0.794720352 -2.90028426
 -0.766691628 -2.91520709
 -0.740362689 -2.92894845
 -0.715539106 -2.94168636
 -0.69205801 -2.95356153
 -0.669781615 -2.96468698
 -0.648592316 -2.97515481
 -0.62838893 -2.98504101
 -0.609083775 -2.99440901
 -0.590600369 -3.00331226
 -0.572871602 -3.01179628
 -0.555838263 -3.01990009
 -0.539447847 -3.02765745
 -0.52365358 -3.03509772
 -0.508413613 -3.04224663
 -0.493690356 -3.04912685
 -0.479449917 -3.05575846
 -0.465661633 -3.06215933
 -0.452297671 -3.06834542
 -0.439332694 -3.07433109
 -0.426743567 -3.08012925
 -0.41450911 -3.0857516
 -0.402609887 -3.09120877
 -0.391028014 -3.0965104
 -0.379747004 -3.10166534
 -0.36875162 -3.10668166
 -0.358027754 -3.11156678
 -0.34756232 -3.11632767
 -0.337343155 -3.12098094
 -0.327358934 -3.12623455
 -0.317599097 -3.13867042
 -0.308053779 -3.15465509
 -0.298713753 -3.1704164
 -0.289570373 -3.185844
 -0.280615531 -3.20094996
 -0.271841607 -3.21574748
 -0.263241435 -3.23024895
 -0.254808267 -3.24446603
 -0.246535741 -3.25840973
 -0.238417851 -3.27209039
 -0.230448921 -3.2855178
 -0.222623584 -3.29870121
 -0.214936755 -3.31164935
 -0.207383617 -3.32437051
 -0.199959599 -3.33687255
 -0.19266036 -3.34916289
 -0.185481776 -3.36124863
 -0.178419921 -3.37313648
 -0.171471061 -3.38483284
 -0.164631637 -3.3963438
 -0.157898254 -3.40767517
 -0.151267675 -3.41883247
 -0.144736808 -3.429821
 -0.138302698 -3.44064579
 -0.13196252 -3.45131166
 -0.125713571 -3.46182323
 -0.119553262 -3.47218491
 -0.113479114 -3.48240092
 -0.107488751 -3.49247531
 -0.101579891 -3.50241197
 -0.0957503475 -3.51221462
 -0.0899980186 -3.52188683
 -0.0843208857 -3.53143203
 -0.0787170082 -3.54085353
 -0.0731845196 -3.5501545
 -0.0677216239 -3.55933799
 -0.062326592 -3.56840693
 -0.0569977585 -3.57736415
 -0.0517335185 -3.58621238
 -0.0465323248 -3.59495424
 -0.0413926852 -3.60359227
 -0.0363131596 -3.6121289
 -0.0312923583 -3.6205665
 -0.0263289387 -3.62890733
 -0.0214216042 -3.6371536
 -0.0165691014 -3.64530743
 -0.0117702186 -3.65337087
 -0.00702378353 -3.66134591
 -0.00232866232 -3.66923446
  0.00231624273 -3.67703839
  0.00691199442 -3.6847595
  0.0114596222 -3.69239952
  0.0159601234 -3.69996015
  0.0204144648 -3.70744302
  0.0248235837 -3.71484971
  0.0291883891 -3.72218177
  0.0335097629 -3.72944068
  0.0377885609 -3.73662789
  0.0420256138 -3.7437448
