 -1.44090908 -2.15317485
 -1.36172784 -2.21627708
 -1.29478105 -2.27215607
 -1.2367891 -2.32235814
 -1.18563658 -2.36792748
 -1.13987909 -2.40962464
 -1.0984864 -2.44803121
 -1.06069784 -2.48360637
 -1.02593573 -2.5167207
 -0.993751051 -2.54767809
 -0.963787827 -2.57673095
 -0.935759104 -2.60409111
 -0.909430165 -2.62993797
 -0.884606581 -2.65442463
 -0.861125485 -2.67768275
 -0.838849091 -2.69982622
 -0.817659792 -2.72095421
 -0.797456406 -2.74115352
 -0.77815125 -2.76050052
 -0.759667845 -2.77906272
 -0.741939078 -2.79690008
 -0.724905738 -2.81406606
 -0.708515322 -2.83060851
 -0.692721055 -2.84657046
 -0.677481089 -2.86199066
 -0.662757832 -2.87690418
 -0.648517393 -2.89134286
 -0.634729108 -2.90533564
 -0.621365147 -2.91890895
 -0.608400169 -2.93208697
 -0.595811042 -2.94489185
 -0.583576586 -2.95734399
 -0.571677362 -2.96946216
 -0.56009549 -2.9812637
 -0.548814479 -2.99276464
 -0.537819095 -3.00397985
 -0.52709523 -3.01492314
 -0.516629796 -3.02560735
 -0.506410631 -3.03604447
 -0.49642641 -3.04624565
 -0.486666573 -3.05622136
 -0.477121255 -3.06598137
 -0.467781228 -3.07553485
 -0.458637849 -3.08489042
 -0.449683006 -3.09405618
 -0.440909082 -3.10303976
 -0.43230891 -3.11184834
 -0.423875743 -3.12048871
 -0.415603217 -3.12896729
 -0.407485327 -3.13729014
 -0.399516397 -3.14546301
 -0.391691059 -3.15349136
 -0.384004231 -3.16138036
 -0.376451093 -3.16913492
 -0.369027075 -3.17675973
 -0.361727836 -3.18425924
 -0.354549251 -3.1916377
 -0.347487397 -3.19889917
 -0.340538537 -3.2060475
 -0.333699112 -3.21308641
 -0.32696573 -3.22001943
 -0.320335151 -3.22684996
 -0.313804284 -3.23358124
 -0.307370174 -3.24021641
 -0.301029996 -3.24675844
 -0.294781046 -3.25321024
 -0.288620738 -3.25957456
 -0.28254659 -3.26585408
 -0.276556226 -3.27205136
 -0.270647367 -3.2781689
 -0.264817823 -3.28420908
 -0.259065494 -3.29017422
 -0.253388361 -3.29606656
 -0.247784484 -3.30188827
 -0.242251995 -3.30764144
 -0.236789099 -3.31332811
 -0.231394068 -3.31895026
 -0.226065234 -3.3245098
 -0.220800994 -3.33000859
 -0.2155998 -3.33544845
 -0.210460161 -3.34083115
 -0.205380635 -3.3461584
 -0.200359834 -3.35143187
 -0.195396414 -3.35665321
 -0.19048908 -3.36182401
 -0.185636577 -3.36694583
 -0.180837694 -3.37202019
 -0.176091259 -3.37704859
 -0.171396138 -3.38203249
 -0.166751233 -3.38697332
 -0.162155481 -3.39187248
 -0.157607853 -3.39673136
 -0.153107352 -3.40155131
 -0.148653011 -3.40633365
 -0.144243892 -3.41107969
 -0.139879086 -3.41579071
 -0.135557713 -3.42046798
 -0.131278915 -3.42511274
 -0.127041862 -3.42972621
 -0.122845747 -3.43430961
 -0.118689787 -3.43886412
 -0.114573221 -3.4433909
 -0.110495309 -3.44789113
 -0.106455331 -3.45236593
 -0.102452588 -3.45681644
 -0.0984864012 -3.46124376
 -0.0945561076 -3.46564898
 -0.0906610637 -3.4700332
 -0.0868006429 -3.47439748
 -0.0829742351 -3.47874287
 -0.079181246 -3.48307041
 -0.0754210972 -3.48738114
 -0.0716932247 -3.49167606
 -0.0679970791 -3.49595618
 -0.064332125 -3.50022249
 -0.0606978404 -3.50447595
 -0.0570937161 -3.50871754
 -0.0535192557 -3.5129482
 -0.049973975 -3.51716886
 -0.0464574012 -3.52138045
 -0.0429690734 -3.52558386
 -0.0395085413 -3.52978
 -0.0360753654 -3.53396974
 -0.0326691168 -3.53815395
 -0.0292893761 -3.54233345
 -0.0259357341 -3.5465091
 -0.0226077907 -3.55068171
 -0.0193051552 -3.55485206
 -0.0160274454 -3.55902096
 -0.012774288 -3.56318915
 -0.00954531791 -3.56735738
 -0.00634017803 -3.57152639
 -0.00315851924 -3.57569687
  0. -3.57986953
  0.00313571385 -3.58404503
  0.00624894928 -3.58822402
  0.00934002625 -3.59240714
  0.012409258 -3.59659498
  0.0154569511 -3.60078814
  0.0184834057 -3.60498718
  0.0214889158 -3.60919264
  0.0244737694 -3.61340506
  0.0274382483 -3.61762491
  0.030382629 -3.62185268
  0.033307182 -3.62608881
  0.0362121727 -3.63033374
  0.0390978609 -3.63458787
  0.0419645015 -3.63885157
  0.0448123444 -3.64312519
  0.0476416344 -3.64740908
  0.0504526118 -3.65170352
  0.053245512 -3.65600881
  0.056020566 -3.66032519
  0.0587780006 -3.6646529
  0.0615180379 -3.66899214
  0.0642408963 -3.67334309
  0.0669467896 -3.67770591
  0.0696359281 -3.68208073
  0.072308518 -3.68646767
  0.0749647616 -3.6908668
  0.0776048578 -3.69527818
  0.0802290016 -3.69970187
  0.0828373847 -3.70413786
  0.0854301953 -3.70858616
  0.0880076182 -3.71304674
  0.090569835 -3.71751954
  0.093117024 -3.72200451
  0.0956493605 -3.72650154
  0.0981670167 -3.73101054
  0.100670162 -3.73553136
  0.103158962 -3.74006388
  0.105633581 -3.74460792
  0.10809418 -3.7491633
  0.110540916 -3.75372983
  0.112973945 -3.75830729
  0.115393419 -3.76289546
  0.117799488 -3.7674941
  0.120192302 -3.77210295
  0.122572003 -3.77672175
  0.124938737 -3.78135022
  0.127292642 -3.78598807
  0.129633858 -3.790635
  0.13196252 -3.79529071
  0.134278763 -3.79995488
  0.136582718 -3.80462717
  0.138874515 -3.80930727
  0.141154281 -3.81399483
  0.143422142 -3.8186895
  0.145678223 -3.82339094
  0.147922644 -3.8280988
  0.150155525 -3.83281271
  0.152376985 -3.83753231
  0.15458714 -3.84225725
  0.156786104 -3.84698715
  0.15897399 -3.85172165
  0.161150909 -3.85646038
  0.163316971 -3.86120297
  0.165472283 -3.86594906
  0.167616952 -3.87069828
  0.169751081 -3.87545025
  0.171874775 -3.88020463
  0.173988134 -3.88496104
  0.176091259 -3.88971913
  0.178184249 -3.89447854
  0.1802672 -3.89923892
  0.182340208 -3.90399991
  0.184403369 -3.90876117
  0.186456775 -3.91352235
  0.188500517 -3.91828313
  0.190534687 -3.92304316
  0.192559374 -3.92780212
  0.194574665 -3.93255969
  0.196580647 -3.93731554
  0.198577407 -3.94206936
  0.200565028 -3.94682086
  0.202543594 -3.95156971
  0.204513187 -3.95631564
  0.206473888 -3.96105835
  0.208425777 -3.96579755
  0.210368932 -3.97053298
  0.212303432 -3.97526435
  0.214229353 -3.9799914
  0.216146771 -3.98471388
  0.218055761 -3.98943153
  0.219956396 -3.99414411
  0.22184875 -3.99885137
  0.223732893 -4.00355308
  0.225608898 -4.00824901
  0.227476835 -4.01293895
  0.229336771 -4.01762267
  0.231188776 -4.02229998
  0.233032917 -4.02697066
  0.23486926 -4.03163451
  0.236697871 -4.03629136
  0.238518815 -4.04094101
  0.240332155 -4.04558328
  0.242137956 -4.05021801
  0.24393628 -4.05484502
  0.245727187 -4.05946415
  0.24751074 -4.06407525
  0.249286998 -4.06867817
  0.251056021 -4.07327275
  0.252817867 -4.07785887
  0.254572594 -4.08243638
  0.256320261 -4.08700516
  0.258060922 -4.09156508
  0.259794635 -4.09611602
  0.261521454 -4.10065786
  0.263241435 -4.10519051
  0.26495463 -4.10971384
  0.266661094 -4.11422777
