  -2.00000000970724        1.653438       1.136063       1.879992    
  -1.98000012250241        1.625457       1.125514       1.868191    
  -1.95999999937402        1.597616       1.134122       1.855662    
  -1.94000009292306        1.648741       1.146394       1.893423    
  -1.91999996869809        1.644211       1.149593       1.906791    
  -1.90000005395580        1.630330       1.152742       1.913778    
  -1.87999993708886        1.628662       1.160962       1.911485    
  -1.86000000530222        1.635269       1.169476       1.862947    
  -1.84000009399918        1.627219       1.179421       1.831050    
  -1.81999997745428        1.614846       1.186274       1.800700    
  -1.80000007842834        1.571921       1.191688       1.768614    
  -1.77999996906718        1.561109       1.196081       1.757123    
  -1.76000005390659        1.530602       1.198640       1.750253    
  -1.74000011537205        1.523464       1.202820       1.742689    
  -1.72000009910075        1.536395       1.205026       1.725805    
  -1.70000008056540        1.522038       1.205353       1.710618    
  -1.68000008487391        1.505252       1.205389       1.703788    
  -1.65999995499649        1.488210       1.203982       1.696638    
  -1.64000003743454        1.470798       1.202143       1.685431    
  -1.62000000572251        1.453241       1.242509       1.662688    
  -1.59999998690088        1.436035       1.234454       1.651945    
  -1.58000008476462        1.405825       1.191619       1.632529    
  -1.55999996352679        1.401618       1.186283       1.610762    
  -1.53999995044345        1.377056       1.084259       1.538625    
  -1.52000003598170        1.366297       1.095574       1.528714    
  -1.50000002338389        1.347387       1.114664       1.518775    
  -1.48000001754512        1.330598       1.082345       1.500207    
  -1.46000006795199        1.312842       1.080338       1.465898    
  -1.44000005880041        1.294763       1.076483       1.440274    
  -1.42000005943860        1.281267       1.072688       1.430287    
  -1.40000016200549        1.272515       1.065733       1.467846    
  -1.38000001181494        1.262462       1.056167       1.457245    
  -1.36000002401188        1.253175       1.044669       1.445575    
  -1.34000009419190        1.243163       1.030683       1.433248    
  -1.31999995635448        1.221969       1.016475       1.424072    
  -1.29999994705985        1.193760      0.9947239       1.403528    
  -1.27999993804926        1.168271      0.9731322       1.382561    
  -1.26000001491044        1.146150      0.9516259       1.361557    
  -1.24000000556604        1.129524      0.9320531       1.340626    
  -1.22000010002983        1.112638      0.8994879       1.318938    
  -1.20000005764759        1.096259      0.9010593       1.296987    
  -1.18000006609698        1.079218      0.8718573       1.277820    
  -1.16000014534846        1.069127      0.8604889       1.260881    
  -1.14000012793501        1.061061      0.8520808       1.242440    
  -1.11999999416545        1.052675      0.8440087       1.225617    
  -1.10000000387373        1.038160      0.8341059       1.205420    
  -1.08000009177079        1.000513      0.8249431       1.187301    
  -1.05999997850657       0.9888243      0.8040839       1.170710    
  -1.03999993886827       0.9703379      0.7820123       1.155592    
  -1.02000001745840       0.9547473      0.7597922       1.141681    
  -1.00000002588597       0.9396258      0.7377023       1.124401    
 -0.979999983447283       0.9233955      0.7153299       1.096194    
 -0.960000095282678       0.9072118      0.6931022       1.067363    
 -0.940000057695343       0.8887067      0.6701669       1.038949    
 -0.920000056167827       0.8678030      0.6501054       1.010876    
 -0.900000021827743       0.8461874      0.6351321      0.9833011    
 -0.880000010725788       0.8272675      0.6166594      0.9617915    
 -0.860000046323809       0.8105038      0.6142478      0.9425589    
 -0.840000049227387       0.7938302      0.6329317      0.9235447    
 -0.820000068312319       0.7766430      0.6346627      0.9045352    
 -0.800000088636428       0.7591166      0.6151485      0.8859239    
 -0.779999969067177       0.7416336      0.5957943      0.8624712    
 -0.760000035286817       0.7239268      0.5761938      0.8340891    
 -0.739999990899802       0.7022878      0.5528620      0.8035657    
 -0.720000048156428       0.6860289      0.5271279      0.7786249    
 -0.700000056239676       0.6645604      0.5015848      0.7505100    
 -0.680000061643025       0.6424730      0.4754953      0.7237547    
 -0.660000080713304       0.6185259      0.4483481      0.6973647    
 -0.639999959749549       0.5922110      0.4210624      0.6700739    
 -0.620000005722508       0.5648308      0.3927400      0.6426684    
 -0.600000064191303       0.5365906      0.3643365      0.6152753    
 -0.580000090915603       0.5075015      0.3339782      0.5889307    
 -0.560000045764778       0.4671160      0.3034849      0.5585222    
 -0.540000085077745       0.4228572      0.2724710      0.5296626    
 -0.519999977051605       0.3766250      0.2418059      0.4955263    
 -0.500000002919238       0.3388888      0.2129050      0.4596316    
 -0.480000027316916       0.3099055      0.1856094      0.4219859    
 -0.460000039956002       0.2775705      0.1571394      0.3881271    
 -0.440000067712396       0.2449648      0.1325936      0.3570728    
 -0.420000110503885       0.2111654      0.1007100      0.3226601    
 -0.400000096982854       0.1758212      6.5351285E-02  0.2678401    
 -0.380000011814944       0.1395735      3.0904196E-02  0.2276233    
 -0.360000024011880       0.1028236     -6.9698240E-03  0.1870685    
 -0.340000016322441       6.2579371E-02 -5.0956693E-02  0.1459250    
 -0.320000051000529       1.9027533E-02 -9.5637992E-02  0.1050306    
 -0.300000076183093      -3.9716538E-02 -0.1417223      6.5301083E-02
 -0.280000104520121      -8.0822840E-02 -0.1893569      3.3244260E-02
 -0.259999997246170      -0.1219086     -0.2368056     -1.2803504E-02
 -0.240000005566039      -0.1717418     -0.2853089     -6.1512649E-02
 -0.220000014109791      -0.2190701     -0.3356893     -0.1105640    
 -0.200000067904213      -0.2691717     -0.3892449     -0.1522092    
 -0.180000066096984      -0.3170424     -0.4400952     -0.1893782    
 -0.160000098577684      -0.3541214     -0.4753535     -0.2358242    
 -0.139999985004661      -0.3989411     -0.5466192     -0.2826989    
 -0.119999994165446      -0.4465775     -0.5658155     -0.3139248    
 -0.100000012020855      -0.4934502     -0.6523715     -0.3708769    
 -8.000004508811775E-002 -0.5274762     -0.7349211     -0.3923626    
 -6.000006766978341E-002 -0.5793992     -0.8163532     -0.4329027    
 -4.000008078527723E-002 -0.5868742     -0.9069923     -0.4705255    
 -2.000010555270357E-002 -0.6167012     -1.5      -0.5132868    
  0.000000000000000E+000 -0.6840941     -1.5      -0.3881261
