0.0121413 73.7922644656071
0.012848 76.4092320177964
0.0130435 77.1248826519284
0.0147826 83.3471106194306
0.0165094 89.2975179194034
0.0181818 94.8741418599312
0.0185185 95.9767540352951
0.0186104 96.2764115609099
0.0209713 103.822491045050
0.0212054 104.555523154538
0.0214133 105.204034725537
0.0257576 118.326413383666
0.0286697 126.716203042163
0.0297203 129.672987881516
0.0304348 131.664086380964
0.0315217 134.663393119700
0.0320088 135.996281583366
0.0330435 138.805177777607
0.0331906 139.201940377973
0.033913 141.142231082186
0.0347395 143.344981311826
0.0353201 144.881197484314
0.0353319 144.912325391620
0.0356522 145.756352835804
0.0368304 148.838071132228
0.0372751 149.992973816221
0.0373913 150.29393983655
0.0378788 151.552988104035
0.0385802 153.356390101583
0.0385802 153.356390101583
0.0390625 154.589699632692
0.0396146 155.998049734528
0.0397022 156.220868103507
0.0401786 157.429602950194
0.0406852 158.709412058934
0.0406852 158.709412058934
0.0408696 159.175366647364
0.0409429 159.360380649046
0.0416667 161.181090614418
0.0438972 166.760128237426
0.0438972 166.760128237426
0.0438972 166.760128237426
0.0446429 168.619120156173
0.044665 168.674051637334
0.0471464 174.866281376450
0.0493119 180.309122994406
0.05 182.096167870720
0.0513919 185.689524323074
0.0518764 186.923324784795
0.0524625 188.411332477381
0.0545906 193.846796872714
0.0546875 194.092841593518
0.0566038 198.980320602366
0.0566038 198.980320602366
0.0573913 201.021151111891
0.0580357 202.685690644198
0.058642 204.247407618116
0.0597826 207.209250651275
0.060794 209.823670472539
0.0620985 213.176490715642
0.0620985 213.176490715642
0.0626087 214.482937923198
0.0636364 217.175743168772
0.0642398 218.752047795889
0.0645161 219.472689830119
0.0647321 220.035555967141
0.0648148 220.25094449024
0.0648148 220.25094449024
0.0653105 221.540630984473
0.0658482 222.929873642965
0.066838 225.480175667083
0.0669565 225.784897148188
0.0669975 225.890298366163
0.0695364 232.458079803797
0.0695931 232.60412001092
0.0695931 232.60412001092
0.0706941 235.467300605179
0.0713043 237.049901001482
0.0721739 239.300124922664
0.0738758 243.713017100012
0.0740741 244.225756739780
0.0740741 244.225756739780
0.0742424 244.660693530047
0.075 246.615927352290
0.075 246.615927352290
0.0756522 248.318807726062
0.0758929 248.946508096105
0.0770878 252.056565832324
0.0770878 252.056565832324
0.0771208 252.142316422288
0.0791304 257.394648716449
0.0794045 258.108976765963
0.08 259.659216813645
0.0856643 274.619074491104
0.0867238 277.299171910498
0.0870536 278.132024070180
0.0870536 278.132024070180
0.0886957 282.269064949621
0.0893939 284.023199274538
0.093819 295.229230757751
0.0951157 298.448417428367
0.0952891 298.878199436432
0.0952891 298.878199436432
0.0963303 301.455434807045
0.105996 323.532624310737
0.106957 325.66665133147
0.107066 325.908370657228
0.108168 328.348436962659
0.10967 331.663349637472
0.110375 333.215026903763
0.111304 335.136029822842
0.111607 335.761488085363
0.115826 344.876438170845
0.119537 352.298861324888
0.119537 352.298861324888
0.123126 359.873045000870
0.124724 363.225430927436
0.12844 370.838908331726
0.12955 373.100522870793
0.12963 373.263301973768
0.130435 374.889070867497
0.131119 376.268121284289
0.131514 377.063526173176
0.134174 382.401530596565
0.134259 382.571583196318
0.137277 388.705626244916
0.140217 394.374809803329
0.146957 406.474489092328
0.150964 413.244834023251
0.154545 419.499461288499
0.155087 420.441568303297
0.159598 428.512192865177
0.160494 430.106028681175
0.160714 430.496913539987
0.160839 430.718926907713
0.161739 432.315711297975
0.162252 433.129341247406
0.163772 435.533982605002
0.164336 436.423922864332
0.165563 438.355741324684
0.166667 440.088940417973
0.167832 441.912854938261
0.168874 443.469561282958
0.171306 447.08681709864
0.17217 448.366548834056
0.173043 449.656797315033
0.173077 449.706990600105
0.173697 450.621534348524
0.174242 451.424284192817
0.175926 453.743929014604
0.176339 454.311234653009
0.1766 454.669429824267
0.180435 459.904342574819
0.182119 462.322192216333
0.183642 464.500509021825
0.185268 466.817477803864
0.188073 470.793746343195
0.188811 471.745881634054
0.189565 472.716800553606
0.191304 474.948991542477
0.192802 476.863970155412
0.197531 483.338047527848
0.199779 486.391472014267
0.204009 491.558135401968
0.208609 497.293191737493
0.211991 501.471091993293
0.217439 508.188905278812
0.217634 508.427862928071
0.218261 509.195514448352
0.220751 512.23378056163
0.223478 515.55606223445
0.224771 517.124603927986
0.226221 518.878529942459
0.229581 522.922458332233
0.232143 525.994589904915
0.233696 527.849025335868
0.233933 528.131514392085
0.23913 534.292397264931
0.24036 535.761095467544
0.241071 536.608481099926
0.246652 543.220102431364
0.253497 551.294783370285
0.254967 553.015699046053
0.256696 555.033980819369
0.257075 555.475553689876
0.259091 557.822587006156
0.259305 558.071232213823
0.260486 559.441733079364
0.262277 561.514668353956
0.265152 564.828670299088
0.267857 567.931646665043
0.272627 573.435234721206
0.279348 581.11627537736
0.280206 582.100518825166
0.286976 589.819766842069
0.290488 593.792038607543
0.291295 594.701754890966
0.292431 595.99079500774
0.294783 598.652610418092
0.299312 603.751785377619
0.299528 603.994120108811
0.300699 605.306541086472
0.301927 606.680412181714
0.308933 614.515952338621
0.311321 617.168771754404
0.318985 625.664056080926
0.3234 630.517375453293
0.324503 631.72534278722
0.330025 637.769532842037
0.331368 639.232856857438
0.334848 643.012667417447
0.34 648.594421729599
0.340909 649.5754266266
0.348485 657.707826390653
0.350309 659.658607555004
0.352679 662.18678665552
0.35546 665.144041797451
0.38058 691.488191476926
0.391608 702.846998875249
0.395642 706.96759174383
0.398458 709.837959565474
0.404884 716.355647990988
0.409198 720.706345133608
0.410606 722.122061379415
0.418478 730.00753418319
0.431877 743.297796526954
0.433162 744.563041083368
0.441739 752.978236426398
0.449541 760.57267770834
0.452891 763.820578006047
0.46402 774.537615320421
0.484547 794.05375059795
0.51533 822.755826953044
0.522727 829.566716449484
0.526235 832.782544940708
0.529018 835.327333082359
0.536557 842.192830193148
0.557609 861.208910800344
0.560411 863.721221948255
0.588696 888.845527983435
0.603854 902.137975176052
0.619107 915.397364356233
0.645695 938.241092686843
0.674312 962.464427847576
0.69697 981.391943091167
0.706473 989.266982737782
0.840617 1096.86086154772
0.862955 1114.19537386288
0.899083 1141.92080748705
