0.0121413 6.39279928859904e-10
0.012848 6.1318276895335e-10
0.0130435 6.06376168631366e-10
0.0147826 5.52469705339684e-10
0.0165094 5.08470357835155e-10
0.0181818 4.72666039515083e-10
0.0185185 4.66125223308482e-10
0.0186104 4.64376161829099e-10
0.0209713 4.23976169294924e-10
0.0212054 4.20394012844684e-10
0.0214133 4.17270761282457e-10
0.0257576 3.62154708808254e-10
0.0286697 3.33484430406254e-10
0.0297203 3.24353848266009e-10
0.0304348 3.18459751700593e-10
0.0315217 3.09942514225854e-10
0.0320088 3.06289629902593e-10
0.0330435 2.98842104806179e-10
0.0331906 2.97816799982505e-10
0.033913 2.92891504040748e-10
0.0347395 2.87472843988567e-10
0.0353201 2.83801253889257e-10
0.0353319 2.83727744651055e-10
0.0356522 2.81744109785083e-10
0.0368304 2.74712009959336e-10
0.0372751 2.72153101376953e-10
0.0373913 2.71493390771946e-10
0.0378788 2.68764967004701e-10
0.0385802 2.64933585377953e-10
0.0385802 2.64933585377953e-10
0.0390625 2.62370298083139e-10
0.0396146 2.59486555420958e-10
0.0397022 2.59035594092762e-10
0.0401786 2.56613902129661e-10
0.0406852 2.54094374683737e-10
0.0406852 2.54094374683737e-10
0.0408696 2.53184088319159e-10
0.0409429 2.52824287615027e-10
0.0416667 2.49332470938794e-10
0.0438972 2.39091320370851e-10
0.0438972 2.39091320370851e-10
0.0438972 2.39091320370851e-10
0.0446429 2.35823172959442e-10
0.044665 2.35727829756486e-10
0.0471464 2.25323826027089e-10
0.0493119 2.16742478075516e-10
0.05 2.14028789442485e-10
0.0513919 2.08751798404107e-10
0.0518764 2.06985188003309e-10
0.0524625 2.04889694160199e-10
0.0545906 1.97530361485095e-10
0.0546875 1.97208360181605e-10
0.0566038 1.90997323364968e-10
0.0566038 1.90997323364968e-10
0.0573913 1.88503077029985e-10
0.0580357 1.86511218703440e-10
0.058642 1.84676137342299e-10
0.0597826 1.81280021002754e-10
0.060794 1.78373283612237e-10
0.0620985 1.74783157441509e-10
0.0620985 1.74783157441509e-10
0.0626087 1.73418879183026e-10
0.0636364 1.70632146636568e-10
0.0642398 1.69037396185764e-10
0.0645161 1.68317084026662e-10
0.0647321 1.67758245426951e-10
0.0648148 1.67545266272685e-10
0.0648148 1.67545266272685e-10
0.0653105 1.6627995652231e-10
0.0658482 1.6495157221989e-10
0.066838 1.62561561831457e-10
0.0669565 1.62280112084707e-10
0.0669975 1.62182962157936e-10
0.0695364 1.56318506914404e-10
0.0695931 1.56192399921068e-10
0.0695931 1.56192399921068e-10
0.0706941 1.53734369553827e-10
0.0713043 1.52404935315518e-10
0.0721739 1.50549397801026e-10
0.0738758 1.47078248113591e-10
0.0740741 1.46684180245333e-10
0.0740741 1.46684180245333e-10
0.0742424 1.46351381475425e-10
0.075 1.44871794816557e-10
0.075 1.44871794816557e-10
0.0756522 1.43608083334520e-10
0.0758929 1.43147219324279e-10
0.0770878 1.40902222143339e-10
0.0770878 1.40902222143339e-10
0.0771208 1.40841214210948e-10
0.0791304 1.37058188488966e-10
0.0794045 1.36557470320820e-10
0.08 1.35481795900295e-10
0.0856643 1.26064424264458e-10
0.0867238 1.24335735985573e-10
0.0870536 1.23806745113446e-10
0.0870536 1.23806745113446e-10
0.0886957 1.21234972570588e-10
0.0893939 1.20171857937501e-10
0.093819 1.13965057192456e-10
0.0951157 1.12245750072643e-10
0.0952891 1.12019573731428e-10
0.0952891 1.12019573731428e-10
0.0963303 1.10679508263757e-10
0.105996 9.91559680562702e-11
0.106957 9.8129928437512e-11
0.107066 9.8014802781358e-11
0.108168 9.68648884450242e-11
0.10967 9.53375950926213e-11
0.110375 9.46361396025328e-11
0.111304 9.37005449625769e-11
0.111607 9.3399073231224e-11
0.115826 8.9472481867211e-11
0.119537 8.61860769672045e-11
0.119537 8.61860769672045e-11
0.123126 8.32743994106703e-11
0.124724 8.20361663561638e-11
0.12844 7.92640495532196e-11
0.12955 7.84694333872519e-11
0.12963 7.84127342476453e-11
0.130435 7.78444807718681e-11
0.131119 7.73676014835847e-11
0.131514 7.70946668418451e-11
0.134174 7.53021279470208e-11
0.134259 7.52461203038129e-11
0.137277 7.3306856502422e-11
0.140217 7.14886346360208e-11
0.146957 6.7588346790253e-11
0.150964 6.54369308505247e-11
0.154545 6.36228263397325e-11
0.155087 6.33562722468146e-11
0.159598 6.12233298253081e-11
0.160494 6.08153129061233e-11
0.160714 6.07158932619649e-11
0.160839 6.06595377602313e-11
0.161739 6.025659844639e-11
0.162252 6.0024997983172e-11
0.163772 5.93482057681119e-11
0.164336 5.91006068252723e-11
0.165563 5.85683996976964e-11
0.166667 5.80969586684245e-11
0.167832 5.76069157049986e-11
0.168874 5.71702938312661e-11
0.171306 5.61742344180646e-11
0.17217 5.58279149491047e-11
0.173043 5.54819008743719e-11
0.173077 5.54685036514651e-11
0.173697 5.52252263336743e-11
0.174242 5.5012970818312e-11
0.175926 5.43576226774445e-11
0.176339 5.41990440453313e-11
0.1766 5.40992579150227e-11
0.180435 5.26703614401539e-11
0.182119 5.20666289706724e-11
0.183642 5.15312899174653e-11
0.185268 5.09706199472546e-11
0.188073 5.00289063395741e-11
0.188811 4.9782734534933e-11
0.189565 4.95334609382958e-11
0.191304 4.8967000959251e-11
0.192802 4.84882897129037e-11
0.197531 4.70386320000545e-11
0.199779 4.63765687835526e-11
0.204009 4.51529189134984e-11
0.208609 4.38786814549775e-11
0.211991 4.2982017368806e-11
0.217439 4.15867796208918e-11
0.217634 4.15383273507405e-11
0.218261 4.13832093344698e-11
0.220751 4.07771827255014e-11
0.223478 4.0124104366607e-11
0.224771 3.98208514455982e-11
0.226221 3.94855450027572e-11
0.229581 3.87273666568677e-11
0.232143 3.81486908407782e-11
0.233696 3.78051839191942e-11
0.233933 3.77532344593060e-11
0.23913 3.66444936673681e-11
0.24036 3.63864969611471e-11
0.241071 3.62387884961206e-11
0.246652 3.51143973260635e-11
0.253497 3.38030619784588e-11
0.254967 3.35323948150603e-11
0.256696 3.32187745763073e-11
0.257075 3.31507017620215e-11
0.259091 3.27909449116038e-11
0.259305 3.27531497741982e-11
0.260486 3.25459078594141e-11
0.262277 3.22358859770211e-11
0.265152 3.1748699344853e-11
0.267857 3.13017404830211e-11
0.272627 3.05260002048259e-11
0.279348 2.94871617432658e-11
0.280206 2.93576099145303e-11
0.286976 2.83683593347574e-11
0.290488 2.78772218729418e-11
0.291295 2.77664018180012e-11
0.292431 2.76105619574398e-11
0.294783 2.72925699410528e-11
0.299312 2.66974134786142e-11
0.299528 2.66695781491676e-11
0.300699 2.65195253325457e-11
0.301927 2.6363696267453e-11
0.308933 2.54996315268602e-11
0.311321 2.52159816176485e-11
0.318985 2.43374503520855e-11
0.3234 2.38544965163515e-11
0.324503 2.37363578446922e-11
0.330025 2.31578306646897e-11
0.331368 2.30207095801058e-11
0.334848 2.26716882745668e-11
0.34 2.21700292089751e-11
0.340909 2.20834550657727e-11
0.348485 2.13834878150337e-11
0.350309 2.12202886321916e-11
0.352679 2.10113437402255e-11
0.35546 2.07705399770115e-11
0.38058 1.87869014710967e-11
0.391608 1.80131519015692e-11
0.395642 1.77433860384792e-11
0.398458 1.75588925637713e-11
0.404884 1.71497357437466e-11
0.409198 1.68839454592059e-11
0.410606 1.67986902076124e-11
0.418478 1.63347646828421e-11
0.431877 1.55924684556654e-11
0.433162 1.55242585969328e-11
0.441739 1.50811328950516e-11
0.449541 1.46961576546892e-11
0.452891 1.45357385905527e-11
0.46402 1.40233272761159e-11
0.484547 1.31531048910323e-11
0.51533 1.20050960044112e-11
0.522727 1.17535480149961e-11
0.526235 1.16373181220937e-11
0.529018 1.15464705209638e-11
0.536557 1.13062377203304e-11
0.557609 1.06767442808092e-11
0.560411 1.05972958508787e-11
0.588696 9.84660304154344e-12
0.603854 9.47939132622105e-12
0.619107 9.13193930184718e-12
0.645695 8.57391029199992e-12
0.674312 8.03292700536463e-12
0.69697 7.6428956100687e-12
0.706473 7.48840467059753e-12
0.840617 5.75392752056812e-12
0.862955 5.52854203652675e-12
0.899083 5.19306926694718e-12
