 -1.76098667 -0.319962995
 -1.74098665 -0.306117631
 -1.72098665 -0.292726022
 -1.70098674 -0.279502046
 -1.68098661 -0.26554091
 -1.66098659 -0.253385855
 -1.64098667 -0.241793965
 -1.62098666 -0.229538532
 -1.60098663 -0.218648955
 -1.58098673 -0.207882262
 -1.56098662 -0.196162599
 -1.54098657 -0.184793175
 -1.52098657 -0.173155516
 -1.50098666 -0.16292093
 -1.48098665 -0.151725477
 -1.46098672 -0.142501102
 -1.4409867 -0.132532399
 -1.42098657 -0.122396167
 -1.40098658 -0.111798907
 -1.38098665 -0.101752118
 -1.36098663 -0.0921824094
 -1.34098664 -0.0834577159
 -1.32098659 -0.0737940882
 -1.30098658 -0.0638408008
 -1.28098656 -0.0542573674
 -1.26098667 -0.0455969956
 -1.24098665 -0.0365662246
 -1.22098664 -0.0271657656
 -1.20098673 -0.0182468542
 -1.18098668 -0.0100654315
 -1.16098666 -0.000482339335
 -1.14098668  0.00782784096
 -1.12098665  0.0161979065
 -1.10098664  0.0237531976
 -1.0809865  0.0325635039
 -1.06098659  0.0404881981
 -1.04098659  0.0482786007
 -1.02098665  0.0559125515
 -1.00098656  0.0631743556
 -0.980986639  0.0704346811
 -0.960986696  0.0775741264
 -0.940986578  0.0846007595
 -0.920986685  0.0916769345
 -0.900986755  0.0987059578
 -0.880986647  0.105811846
 -0.860986726  0.113151064
 -0.840986619  0.120090791
 -0.820986501  0.127046386
 -0.800986595  0.134263765
 -0.780986662  0.140730479
 -0.760986538  0.147505187
 -0.740986634  0.153985285
 -0.720986736  0.159968956
 -0.700986617  0.166492403
 -0.680986688  0.17286724
 -0.660986549  0.178443041
 -0.640986449  0.184168224
 -0.620986547  0.190608495
 -0.600986627  0.196198658
 -0.580986493  0.202095874
 -0.560986584  0.207393696
 -0.540986662  0.212554337
 -0.520986562  0.21869037
 -0.500986648  0.224225266
 -0.480986726  0.228802317
 -0.460986599  0.23461756
 -0.44098668  0.23950057
 -0.420986782  0.244483469
 -0.400986666  0.250489698
 -0.380986756  0.255881875
 -0.36098684  0.261598896
 -0.3409867  0.267515468
 -0.320986788  0.272458817
 -0.300986881  0.279545352
