 -1.62661955 -0.252641096
 -1.60661954 -0.245489976
 -1.58661953 -0.240133181
 -1.56661962 -0.23380294
 -1.54661949 -0.228724359
 -1.52661948 -0.222057894
 -1.50661956 -0.217192374
 -1.48661954 -0.212892112
 -1.46661951 -0.207917903
 -1.44661961 -0.203476766
 -1.42661951 -0.199241562
 -1.40661946 -0.195147695
 -1.38661946 -0.190865114
 -1.36661954 -0.187009435
 -1.34661954 -0.183166474
 -1.32661961 -0.178406181
 -1.30661959 -0.174275012
 -1.28661946 -0.169805424
 -1.26661947 -0.165004738
 -1.24661953 -0.16084449
 -1.22661951 -0.15577806
 -1.20661952 -0.150199299
 -1.18661948 -0.14411203
 -1.16661946 -0.137254598
 -1.14661945 -0.128947795
 -1.12661955 -0.120136284
 -1.10661954 -0.109682757
 -1.08661953 -0.0964811423
 -1.06661962 -0.0803302392
 -1.04661957 -0.0623113832
 -1.02661955 -0.0371416361
 -1.00661957 -0.0101054907
 -0.986619538  0.0157892087
 -0.966619528  0.0376527336
 -0.946619386  0.0537776329
 -0.926619475  0.065847276
 -0.906619473  0.0705734682
 -0.886619538  0.0732777686
 -0.866619444  0.0754074228
 -0.846619525  0.0773117641
 -0.826619582  0.0783911962
 -0.806619465  0.0794904925
 -0.786619571  0.0805062426
 -0.766619641  0.0810097147
 -0.746619534  0.0816309259
 -0.726619612  0.0820478979
 -0.706619505  0.0822485805
 -0.686619387  0.0822589657
 -0.666619481  0.0824423334
 -0.646619549  0.0828567782
 -0.626619425  0.0827729919
 -0.60661952  0.0835437448
 -0.586619622  0.0852096564
 -0.566619503  0.087757032
 -0.546619574  0.0931190685
 -0.526619436  0.0989097701
 -0.506619336  0.106191388
 -0.486619434  0.114525074
 -0.466619513  0.122183071
 -0.446619379  0.131557177
 -0.42661947  0.140088718
 -0.406619548  0.149767346
 -0.386619448  0.158200972
 -0.366619534  0.166409553
 -0.346619612  0.174587062
 -0.326619486  0.182339131
 -0.306619567  0.190159924
 -0.286619669  0.197585481
 -0.266619552  0.205361461
