 -1.69372695 -0.799732341
 -1.67372693 -0.794418191
 -1.65372699 -0.789403952
 -1.633727 -0.784201866
 -1.61372686 -0.778213439
 -1.59372694 -0.772241956
 -1.57372694 -0.766048691
 -1.55372692 -0.758402989
 -1.53372702 -0.751343559
 -1.513727 -0.743394552
 -1.49372686 -0.734863308
 -1.47372685 -0.725038777
 -1.45372696 -0.714181674
 -1.43372691 -0.701170848
 -1.41372703 -0.687400721
 -1.39372699 -0.672333578
 -1.37372698 -0.65626844
 -1.35372686 -0.637549027
 -1.33372696 -0.616583192
 -1.31372692 -0.594805703
 -1.29372692 -0.570370277
 -1.27372699 -0.542762483
 -1.25372688 -0.512635726
 -1.23372687 -0.48060839
 -1.21372693 -0.445280805
 -1.19372693 -0.406867947
 -1.17372693 -0.367006107
 -1.15372702 -0.327549305
 -1.13372697 -0.289412044
 -1.11372695 -0.255784301
 -1.09372706 -0.228480083
 -1.07372694 -0.205648807
 -1.0537269 -0.186324232
 -1.03372701 -0.170464867
 -1.01372687 -0.155932745
 -0.99372687 -0.14235032
 -0.973726844 -0.126911797
 -0.953726837 -0.11265313
 -0.933726911 -0.0949098353
 -0.913727004 -0.0758493369
 -0.893726876 -0.0527563018
 -0.873726957 -0.0254548607
 -0.85372704  0.00645047827
 -0.83372695  0.0414021066
 -0.813727036  0.074191462
 -0.793726909  0.102528563
 -0.773726993  0.132009094
 -0.753726872  0.156767359
 -0.733726966  0.178169661
 -0.713726839  0.195750722
 -0.693726916  0.209340575
 -0.673727022  0.221018853
 -0.653726889  0.231191654
 -0.633726982  0.237695667
 -0.61372707  0.244179374
 -0.593726953  0.251711609
 -0.573727017  0.260603996
 -0.553727108  0.271050852
 -0.533726999  0.282781653
 -0.51372708  0.294065732
 -0.493727159  0.305906672
 -0.473726859  0.316789607
 -0.45372693  0.325302511
 -0.433727005  0.333214063
 -0.413726892  0.34052293
 -0.393726986  0.347605111
 -0.37372708  0.353222339
 -0.353726936  0.35899846
 -0.333726811  0.364016129
 -0.313726712  0.368056006
 -0.293726788  0.371800475
 -0.273726856  0.376592484
 -0.253726738  0.379852031
 -0.233726831  0.382937673
 -0.21372694  0.386216451
 -0.1937268  0.389827532
 -0.173726892  0.393228475
 -0.153726992  0.396233928
 -0.133727084  0.398109854
 -0.113726954  0.401024823
 -0.093727041  0.402560549
