 -1.73036272 -0.723267949
 -1.7103627 -0.65353066
 -1.6903627 -0.588916336
 -1.67036279 -0.539609664
 -1.65036266 -0.483613706
 -1.63036265 -0.435193989
 -1.61036272 -0.395208927
 -1.59036271 -0.357957082
 -1.57036268 -0.325079056
 -1.55036278 -0.298596728
 -1.53036268 -0.274250388
 -1.51036263 -0.255431906
 -1.49036262 -0.24219642
 -1.47036271 -0.231996957
 -1.4503627 -0.224101668
 -1.41036275 -0.212521782
 -1.39036263 -0.209365686
 -1.37036263 -0.206203939
 -1.3503627 -0.203407289
 -1.33036268 -0.200486318
 -1.31036269 -0.196959906
 -1.29036265 -0.193935723
 -1.27036263 -0.190923114
 -1.25036261 -0.187531069
 -1.23036272 -0.181724582
 -1.2103627 -0.174610603
 -1.19036269 -0.165826691
 -1.17036278 -0.154551184
 -1.15036273 -0.140030778
 -1.11036273 -0.113637391
 -1.0903627 -0.10408979
 -1.07036269 -0.0982337347
 -1.05036255 -0.0935417153
 -1.03036264 -0.091067733
 -1.01036264 -0.0917453032
 -0.990362702 -0.0912972773
 -0.970362608 -0.0915288816
 -0.95036269 -0.0909454727
 -0.930362746 -0.0899204701
 -0.910362629 -0.088334437
 -0.890362736 -0.0864087996
 -0.870362805 -0.0841004328
 -0.850362698 -0.0806996669
 -0.830362777 -0.0770751756
 -0.81036267 -0.0724604879
 -0.790362552 -0.0678384243
 -0.770362646 -0.0625193941
 -0.750362713 -0.0568449376
 -0.730362589 -0.0508225477
 -0.710362684 -0.04457676
 -0.690362786 -0.0384128314
 -0.670362668 -0.031255188
 -0.650362739 -0.0241300651
 -0.6303626 -0.0156440058
 -0.6103625 -0.00736100703
 -0.590362598  0.0010655812
 -0.570362678  0.00924384299
 -0.550362544  0.0180037661
 -0.530362634  0.0268270403
 -0.510362713  0.0357812628
 -0.490362613  0.0454815549
 -0.470362699  0.0549847311
 -0.450362777  0.0641626663
 -0.43036265  0.074501786
 -0.410362731  0.0852252234
 -0.390362833  0.0972831746
 -0.370362717  0.113325874
 -0.350362807  0.13138736
 -0.330362891  0.150814139
 -0.310362751  0.170324999
 -0.290362839  0.190988123
 -0.270362932  0.211569085
 -0.250362607  0.231628707
 -0.230362687  0.252187158
 -0.21036278  0.271704751
 -0.190362657  0.291797074
 -0.170362739  0.31177895
 -0.150362836  0.332639709
 -0.13036272  0.353121739
 -0.110362586  0.372693201
