 -1.85052194 -0.19549862
 -1.83052192 -0.187727906
 -1.81052192 -0.182695078
 -1.79052201 -0.174872236
 -1.77052188 -0.16720355
 -1.75052187 -0.162633648
 -1.73052194 -0.157211668
 -1.71052193 -0.149094787
 -1.6905219 -0.143249975
 -1.670522 -0.136072746
 -1.6505219 -0.130892787
 -1.63052185 -0.124729545
 -1.61052184 -0.119318422
 -1.59052193 -0.114760121
 -1.57052192 -0.108878445
 -1.55052199 -0.102112398
 -1.53052197 -0.0954606357
 -1.51052185 -0.0879977476
 -1.49052185 -0.0826931746
 -1.47052192 -0.0766366992
 -1.4505219 -0.0693604892
 -1.43052191 -0.0643569111
 -1.41052187 -0.0590342309
 -1.39052185 -0.0538180702
 -1.37052183 -0.048425923
 -1.35052194 -0.0445388556
 -1.33052192 -0.0382645071
 -1.31052191 -0.0342449432
 -1.290522 -0.029728701
 -1.27052195 -0.0251934882
 -1.25052193 -0.0202323874
 -1.23052195 -0.01456654
 -1.21052192 -0.0109204164
 -1.19052191 -0.00490364299
 -1.17052177  0.00135089737
 -1.15052186  0.00549983854
 -1.13052186  0.0112024764
 -1.11052192  0.0171052874
 -1.09052183  0.0222317149
 -1.07052191  0.0267037835
 -1.05052197  0.031602481
 -1.03052185  0.0364162368
 -1.01052196  0.0423119808
 -0.990522026  0.0475567304
 -0.970521918  0.0519362186
 -0.950521997  0.0564670899
 -0.93052189  0.0612082016
 -0.910521772  0.066269753
 -0.890521866  0.0717013987
 -0.870521933  0.0768044222
 -0.850521809  0.0828850145
 -0.830521905  0.0873410435
 -0.810522007  0.092971733
 -0.790521888  0.0978321659
 -0.770521959  0.102916326
 -0.75052182  0.108156393
 -0.73052172  0.112571955
 -0.710521818  0.117055187
 -0.690521898  0.122664099
 -0.670521764  0.127880149
 -0.650521855  0.131901136
 -0.630521933  0.136432458
 -0.610521833  0.142197679
 -0.590521919  0.14782845
 -0.570521997  0.153305258
 -0.55052187  0.157805561
 -0.530521951  0.162142963
 -0.510522053  0.167405902
 -0.490521937  0.17333775
 -0.470522027  0.178019524
 -0.450522111  0.182774597
 -0.430521971  0.188608993
 -0.41052206  0.194470729
 -0.390522152  0.20024045
 -0.370521827  0.206647713
 -0.350521907  0.213068976
 -0.330522  0.219875299
 -0.310521877  0.225724385
 -0.290521959  0.233333656
 -0.270522056  0.241496444
 -0.25052194  0.249565834
 -0.230521806  0.257881248
 -0.2105217  0.264473004
 -0.190521771  0.275273943
 -0.170521865  0.28393383
 -0.15052175  0.295325647
 -0.130521858  0.308455403
 -0.110521922  0.321296483
 -0.0905217947  0.334784075
 -0.0705218885  0.345601744
 -0.0505219871  0.361740278
 -0.0305218495  0.379983082
