 -1.59232176 -0.829637982
 -1.57232162 -0.818221156
 -1.55232161 -0.80644733
 -1.53232172 -0.794356069
 -1.51232167 -0.782073618
 -1.49232179 -0.77004016
 -1.47232174 -0.75748541
 -1.45232174 -0.743963754
 -1.43232162 -0.730573609
 -1.41232171 -0.717289833
 -1.39232168 -0.703453072
 -1.37232168 -0.689574339
 -1.35232175 -0.675252802
 -1.33232163 -0.66139925
 -1.31232162 -0.646989863
 -1.29232169 -0.632649373
 -1.27232169 -0.617889573
 -1.25232169 -0.603038852
 -1.23232178 -0.588253982
 -1.21232172 -0.573701493
 -1.1923217 -0.558967606
 -1.17232182 -0.544138681
 -1.1523217 -0.529363127
 -1.13232165 -0.514426553
 -1.11232177 -0.499274508
 -1.09232163 -0.484198806
 -1.07232163 -0.469308419
 -1.0523216 -0.454177031
 -1.03232159 -0.439161726
 -1.01232167 -0.424324495
 -0.992321762 -0.409384999
 -0.972321633 -0.394428896
 -0.952321715 -0.379696461
 -0.932321798 -0.364919755
 -0.912321707 -0.350260135
 -0.892321794 -0.335733953
 -0.872321667 -0.321279846
 -0.852321751 -0.306640406
 -0.832321629 -0.291751518
 -0.812321724 -0.277346953
 -0.792321597 -0.26290503
 -0.772321674 -0.248353321
 -0.75232178 -0.233426829
 -0.732321647 -0.219070748
 -0.71232174 -0.204874272
 -0.692321828 -0.190774247
 -0.672321711 -0.176823346
 -0.652321775 -0.162812557
 -0.632321866 -0.149111703
 -0.612321756 -0.135540593
 -0.592321838 -0.122096341
 -0.572321917 -0.108521382
 -0.552321617 -0.0953256222
 -0.532321688 -0.0828784685
 -0.512321763 -0.0702524377
 -0.49232165 -0.0579288671
 -0.472321744 -0.045936967
 -0.452321838 -0.0342137058
 -0.432321694 -0.0227063578
 -0.412321569 -0.0116185883
 -0.39232147 -0.00064555647
 -0.372321546  0.00986937664
 -0.352321614  0.0193876828
 -0.332321496  0.0286992183
 -0.312321589  0.0371082197
 -0.292321698  0.0456193103
 -0.272321557  0.0527782782
 -0.25232165  0.0608073717
 -0.232321749  0.0704071844
 -0.212321842  0.084136497
 -0.192321712  0.0996857171
 -0.172321799  0.115780757
 -0.152321896  0.131146626
 -0.132321761  0.144938455
 -0.112321846  0.159885538
 -0.0923219245  0.176936489
 -0.0723218197  0.193169828
