 -1.78657436 -0.640063695
 -1.76657434 -0.579690571
 -1.74657434 -0.520901286
 -1.72657443 -0.469193914
 -1.7065743 -0.431878143
 -1.68657429 -0.401171034
 -1.66657437 -0.379817824
 -1.64657435 -0.363865441
 -1.62657432 -0.347584032
 -1.60657442 -0.333965009
 -1.58657432 -0.316236226
 -1.56657427 -0.300346899
 -1.54657427 -0.286653758
 -1.52657435 -0.274069585
 -1.50657434 -0.26454884
 -1.48657442 -0.255939299
 -1.4665744 -0.246971746
 -1.44657427 -0.240855857
 -1.42657428 -0.233978109
 -1.40657434 -0.228607394
 -1.38657432 -0.223682372
 -1.36657433 -0.218322829
 -1.34657429 -0.213772328
 -1.32657427 -0.208831022
 -1.30657426 -0.205589735
 -1.28657436 -0.201321422
 -1.26657435 -0.198881819
 -1.24657434 -0.195354537
 -1.22657443 -0.193820305
 -1.20657438 -0.205944318
 -1.18657436 -0.14426308
 -1.16657438 -0.133760384
 -1.14657435 -0.127387561
 -1.12657434 -0.121355227
 -1.10657419 -0.11471384
 -1.08657428 -0.107228345
 -1.06657428 -0.100228308
 -1.04657435 -0.0934088722
 -1.02657425 -0.0866049007
 -1.00657433 -0.0799357394
 -0.98657439 -0.0731742455
 -0.966574273 -0.0661873666
 -0.946574379 -0.0591095977
 -0.926574449 -0.052083485
 -0.906574342 -0.0445232444
 -0.886574421 -0.0369076464
 -0.866574314 -0.0297749482
 -0.846574196 -0.0224635182
 -0.82657429 -0.0147863935
 -0.806574357 -0.00734501766
 -0.786574233 -0.000269139311
 -0.766574328  0.00766321156
 -0.74657443  0.0150109844
 -0.726574312  0.0225797291
 -0.706574383  0.0291741634
 -0.686574244  0.0354307108
 -0.666574144  0.0418785057
 -0.646574242  0.048733889
 -0.626574321  0.0551081912
 -0.606574187  0.0618811633
 -0.586574278  0.0677883824
 -0.566574357  0.0741448585
 -0.546574257  0.0802410796
 -0.526574342  0.0863260704
 -0.506574421  0.0919118545
 -0.486574294  0.0977138227
 -0.466574375  0.10305107
 -0.446574477  0.107852316
 -0.42657436  0.113247031
 -0.406574451  0.117944269
 -0.386574534  0.122386729
 -0.366574395  0.127773902
 -0.346574483  0.132462616
 -0.326574575  0.137215571
 -0.306574251  0.14207264
 -0.286574331  0.146663065
 -0.266574424  0.152530941
 -0.246574301  0.158308267
 -0.226574383  0.164655835
 -0.20657448  0.170619517
 -0.186574364  0.177138793
 -0.16657423  0.183011396
 -0.146574124  0.188136081
 -0.126574195  0.194323243
 -0.106574289  0.19919408
 -0.0865741738  0.203787978
