 -1.80822592 -0.522486992
 -1.7882259 -0.510373585
 -1.7682259 -0.499036371
 -1.74822599 -0.487196616
 -1.72822586 -0.479400667
 -1.70822585 -0.4692191
 -1.68822593 -0.461714585
 -1.66822591 -0.453181508
 -1.64822588 -0.442980737
 -1.62822598 -0.434287191
 -1.60822588 -0.425892187
 -1.58822583 -0.41955413
 -1.56822583 -0.411587182
 -1.54822591 -0.404244662
 -1.5282259 -0.397080767
 -1.50822598 -0.391183833
 -1.48822596 -0.383304756
 -1.46822583 -0.376336151
 -1.44822584 -0.370036664
 -1.4282259 -0.363514596
 -1.40822588 -0.355420502
 -1.38822589 -0.350477634
 -1.36822585 -0.3446651
 -1.34822583 -0.334317408
 -1.32822582 -0.326871132
 -1.30822592 -0.317778466
 -1.28822591 -0.310397504
 -1.2682259 -0.302631713
 -1.24822599 -0.293759632
 -1.22822594 -0.283849034
 -1.20822592 -0.268077446
 -1.18822594 -0.256530589
 -1.16822591 -0.248104734
 -1.1482259 -0.239467781
 -1.12822575 -0.231474035
 -1.10822584 -0.224385354
 -1.08822584 -0.215767021
 -1.06822591 -0.20884414
 -1.04822581 -0.201209073
 -1.02822589 -0.193352537
 -1.00822595 -0.183962692
 -0.988225834 -0.175031842
 -0.96822594 -0.166274048
 -0.94822601 -0.157435278
 -0.928225902 -0.147718157
 -0.908225981 -0.138044857
 -0.888225874 -0.12821282
 -0.868225756 -0.118160377
 -0.84822585 -0.107598034
 -0.828225917 -0.0971848921
 -0.808225794 -0.0857223967
 -0.788225889 -0.0745161239
 -0.768225991 -0.0617250904
 -0.748225872 -0.0504614583
 -0.728225943 -0.0381268572
 -0.708225804 -0.0259561056
 -0.688225704 -0.0127138024
 -0.668225802  0.00054731638
 -0.648225882  0.0133568112
 -0.628225748  0.0269902125
 -0.608225839  0.040544034
 -0.588225917  0.0532851977
 -0.568225817  0.0681019637
 -0.548225903  0.082451571
 -0.528225981  0.0965172509
 -0.508225854  0.11057418
 -0.488225935  0.12473291
 -0.468226037  0.139663866
 -0.448225921  0.154102494
 -0.428226011  0.166819298
 -0.408226095  0.179900165
 -0.388225955  0.193324308
 -0.368226044  0.207364782
 -0.348226136  0.220527217
 -0.328225811  0.231730841
 -0.308225892  0.242207579
 -0.288225984  0.252627506
 -0.268225861  0.26349111
 -0.248225943  0.273534361
 -0.22822604  0.282993666
 -0.208225924  0.292000694
 -0.18822579  0.297637122
 -0.168225684  0.303618217
 -0.148225755  0.30863573
 -0.128225849  0.313580215
 -0.108225734  0.314461937
 -0.0882258419  0.31275402
 -0.0682259064  0.310740325
 -0.0482257788  0.307133283
 -0.0282258726  0.302341162
 -0.00822597115  0.296214554
  0.0117741664  0.288849674
  0.031774079  0.278404087
  0.0517739993  0.267660667
  0.0717741146  0.25558401
