 -1.81023252 -0.354899823
 -1.7902325 -0.355139169
 -1.77023256 -0.353798873
 -1.75023257 -0.351796757
 -1.73023243 -0.345745365
 -1.71023251 -0.342263492
 -1.69023251 -0.336722075
 -1.67023249 -0.332374107
 -1.65023259 -0.325595957
 -1.63023257 -0.319256819
 -1.61023243 -0.312418398
 -1.59023242 -0.307128347
 -1.57023253 -0.300603939
 -1.55023248 -0.294120029
 -1.5302326 -0.289399833
 -1.51023255 -0.28417459
 -1.49023255 -0.278376878
 -1.47023243 -0.272792577
 -1.45023253 -0.267225474
 -1.43023249 -0.261532693
 -1.41023249 -0.256232562
 -1.39023256 -0.250243722
 -1.37023245 -0.245185637
 -1.35023243 -0.239566262
 -1.3302325 -0.233402747
 -1.3102325 -0.227463313
 -1.2902325 -0.220925765
 -1.27023259 -0.214772728
 -1.25023253 -0.208483864
 -1.23023251 -0.20261182
 -1.21023263 -0.196007182
 -1.19023251 -0.189444209
 -1.17023247 -0.183148652
 -1.15023258 -0.17650853
 -1.13023244 -0.169674378
 -1.11023244 -0.163077115
 -1.09023241 -0.156720633
 -1.07023241 -0.150138513
 -1.05023248 -0.143978863
 -1.03023257 -0.137818614
 -1.01023244 -0.131535836
 -0.990232526 -0.125700568
 -0.970232609 -0.11954571
 -0.950232519 -0.11366225
 -0.930232605 -0.10791153
 -0.910232478 -0.102204081
 -0.890232562 -0.0961388274
 -0.870232441 -0.0907054318
 -0.850232535 -0.0852990241
 -0.830232408 -0.080257502
 -0.810232485 -0.0744604288
 -0.790232591 -0.0691973541
 -0.770232458 -0.0642712605
 -0.750232551 -0.0592138775
 -0.730232639 -0.0543167265
 -0.710232522 -0.0497554645
 -0.690232586 -0.0450100026
 -0.670232677 -0.0408894558
 -0.650232568 -0.0366945437
 -0.630232649 -0.0329630138
 -0.610232728 -0.028804429
 -0.590232428 -0.024493478
 -0.570232499 -0.0202203077
 -0.550232574 -0.0127140755
 -0.530232461 -0.000849022514
 -0.510232555  0.0122498287
 -0.490232649  0.0253560415
 -0.470232505  0.0390139008
 -0.450232381  0.0530184077
 -0.430232281  0.0668075832
 -0.410232358  0.0808931533
 -0.390232425  0.0948936788
 -0.370232307  0.108977229
 -0.3502324  0.122969167
 -0.330232509  0.137163623
 -0.310232369  0.150643014
 -0.290232462  0.1637556
 -0.270232561  0.176718422
 -0.250232653  0.188776587
 -0.230232523  0.201053305
 -0.21023261  0.213560626
 -0.190232707  0.225686056
 -0.170232572  0.237471587
 -0.150232657  0.24790723
 -0.130232736  0.258675372
 -0.110232631  0.27061756
 -0.0902326912  0.281800727
 -0.070232406  0.292139858
 -0.0502324689  0.302932769
