 -1.79028516 -1.16765921
 -1.77028515 -1.15231163
 -1.75028521 -1.13751473
 -1.73028521 -1.12252831
 -1.71028507 -1.10720452
 -1.69028516 -1.09138859
 -1.67028516 -1.07538226
 -1.65028514 -1.0593136
 -1.63028524 -1.04264029
 -1.61028522 -1.02601506
 -1.59028508 -1.00921013
 -1.57028506 -0.993046022
 -1.55028517 -0.97629413
 -1.53028513 -0.958716419
 -1.51028525 -0.941695965
 -1.4902852 -0.923881205
 -1.4702852 -0.906187154
 -1.45028508 -0.888521244
 -1.43028517 -0.87125897
 -1.41028513 -0.854007194
 -1.39028514 -0.836839349
 -1.37028521 -0.819173633
 -1.35028509 -0.802509451
 -1.33028508 -0.785662499
 -1.31028515 -0.769145202
 -1.29028515 -0.752431576
 -1.27028515 -0.735665582
 -1.25028524 -0.719376984
 -1.23028518 -0.703262076
 -1.21028516 -0.687279202
 -1.19028527 -0.671635936
 -1.17028515 -0.656170235
 -1.15028511 -0.639883622
 -1.13028522 -0.624490163
 -1.11028508 -0.609646656
 -1.09028509 -0.594613993
 -1.07028506 -0.579481575
 -1.05028505 -0.564199141
 -1.03028513 -0.548754391
 -1.01028522 -0.533759343
 -0.990285091 -0.518028828
 -0.970285172 -0.502692213
 -0.950285255 -0.486980682
 -0.930285165 -0.471182949
 -0.910285251 -0.455200925
 -0.890285124 -0.439282596
 -0.870285208 -0.423099406
 -0.850285087 -0.406589629
 -0.830285181 -0.390126431
 -0.810285054 -0.373362194
 -0.790285131 -0.356483159
 -0.770285237 -0.339361927
 -0.750285104 -0.322047377
 -0.730285197 -0.303508412
 -0.710285285 -0.285860239
 -0.690285168 -0.267850667
 -0.670285232 -0.249730352
 -0.650285323 -0.23122261
 -0.630285214 -0.21198856
 -0.610285295 -0.192581328
 -0.590285374 -0.173407497
 -0.570285074 -0.15399004
 -0.550285145 -0.134570222
 -0.53028522 -0.115505682
 -0.510285107 -0.0955174857
 -0.490285201 -0.0758127207
 -0.470285295 -0.0555400514
 -0.450285151 -0.0354839243
 -0.430285027 -0.0151617538
 -0.410284927  0.00546273992
 -0.390285004  0.0260049239
 -0.370285071  0.0464454319
 -0.350284953  0.0674598959
 -0.330285046  0.0881063943
 -0.310285155  0.108496961
 -0.290285015  0.128848477
 -0.270285108  0.149591127
 -0.250285207  0.170168358
 -0.230285299  0.190891729
 -0.210285169  0.210982553
 -0.190285256  0.231425667
 -0.170285353  0.250945505
 -0.150285218  0.271545366
 -0.130285303  0.289565364
 -0.110285382  0.308571068
 -0.090285277  0.327442806
 -0.0702853372  0.346531184
 -0.050285052  0.362584967
 -0.0302851149  0.380099326
 -0.0102852194  0.396434428
