 -1.80862632 -1.09839683
 -1.7886263 -1.07984368
 -1.76862636 -1.06120441
 -1.74862636 -1.04305747
 -1.72862622 -1.02539475
 -1.70862631 -1.0077862
 -1.68862631 -0.989921024
 -1.66862629 -0.972154184
 -1.64862639 -0.954305923
 -1.62862637 -0.936272249
 -1.60862623 -0.91772971
 -1.58862622 -0.898877582
 -1.56862633 -0.87925748
 -1.54862628 -0.85897072
 -1.5286264 -0.837465182
 -1.50862635 -0.814492422
 -1.48862635 -0.789744395
 -1.46862623 -0.763245265
 -1.44862632 -0.734946749
 -1.42862629 -0.706966052
 -1.40862629 -0.686644177
 -1.38862636 -0.669548803
 -1.36862624 -0.653026728
 -1.34862623 -0.636776824
 -1.3286263 -0.620874801
 -1.3086263 -0.605047837
 -1.2886263 -0.589588366
 -1.26862639 -0.574320279
 -1.24862633 -0.559370096
 -1.22862631 -0.544598204
 -1.20862642 -0.530010967
 -1.18862631 -0.515672921
 -1.16862626 -0.501480972
 -1.14862637 -0.487511144
 -1.12862624 -0.473735901
 -1.10862624 -0.460105342
 -1.08862621 -0.446515894
 -1.0686262 -0.433096834
 -1.04862628 -0.419681555
 -1.02862637 -0.406409636
 -1.00862624 -0.392981191
 -0.988626323 -0.379387582
 -0.968626406 -0.36570975
 -0.948626316 -0.351713655
 -0.928626402 -0.33744878
 -0.908626275 -0.322667211
 -0.888626359 -0.307539074
 -0.868626238 -0.292147669
 -0.848626333 -0.276724636
 -0.828626205 -0.261189534
 -0.808626282 -0.24548506
 -0.788626388 -0.229724567
 -0.768626255 -0.213922656
 -0.748626348 -0.197768721
 -0.728626436 -0.18178935
 -0.708626319 -0.165894904
 -0.688626384 -0.150044799
 -0.668626475 -0.13408987
 -0.648626365 -0.118373145
 -0.628626447 -0.102476553
 -0.608626525 -0.0867090321
 -0.588626226 -0.0715945561
 -0.568626297 -0.0562918315
 -0.548626372 -0.0415008165
 -0.528626258 -0.0265917438
 -0.508626352 -0.0123211608
 -0.488626446  0.00210779348
 -0.468626303  0.0163850771
 -0.448626178  0.0292718882
 -0.428626078  0.0420431256
 -0.408626155  0.0544089636
 -0.388626222  0.065585647
 -0.368626104  0.0759708684
 -0.348626197  0.0859693398
 -0.328626306  0.0943204616
 -0.308626166  0.102044907
 -0.288626259  0.108594397
 -0.268626358  0.114973555
 -0.24862645  0.119239659
