 -1.76137221 -1.16991524
 -1.7413722 -1.15799093
 -1.72137219 -1.14559785
 -1.70137228 -1.13312073
 -1.68137215 -1.12047933
 -1.66137214 -1.10746641
 -1.64137222 -1.09423626
 -1.62137221 -1.08048708
 -1.60137217 -1.06643218
 -1.58137227 -1.05226824
 -1.56137217 -1.0375078
 -1.54137212 -1.02246771
 -1.52137212 -1.00724331
 -1.5013722 -0.991252346
 -1.4813722 -0.975226622
 -1.46137227 -0.958813552
 -1.44137225 -0.942075577
 -1.42137212 -0.924893204
 -1.40137213 -0.907488653
 -1.38137219 -0.889584962
 -1.36137217 -0.87138978
 -1.34137218 -0.852738178
 -1.32137214 -0.833758517
 -1.30137212 -0.814451572
 -1.28137211 -0.794738405
 -1.26137221 -0.774657335
 -1.2413722 -0.754428838
 -1.22137219 -0.733751402
 -1.20137228 -0.712777168
 -1.18137223 -0.691622674
 -1.16137221 -0.669800691
 -1.14137223 -0.647914257
 -1.1213722 -0.625841694
 -1.10137219 -0.603653159
 -1.08137205 -0.581333846
 -1.06137214 -0.558967287
 -1.04137213 -0.536720904
 -1.0213722 -0.514271381
 -1.0013721 -0.491645795
 -0.981372186 -0.468959615
 -0.961372242 -0.446264516
 -0.941372125 -0.42368614
 -0.921372231 -0.401206802
 -0.901372301 -0.378715927
 -0.881372194 -0.356905828
 -0.861372273 -0.334779486
 -0.841372166 -0.312991285
 -0.821372048 -0.291552488
 -0.801372142 -0.270403792
 -0.781372209 -0.249498966
 -0.761372085 -0.228424864
 -0.74137218 -0.207996547
 -0.721372282 -0.18773518
 -0.701372164 -0.167491718
 -0.681372235 -0.147704622
 -0.661372096 -0.129114887
 -0.641371996 -0.11047795
 -0.621372094 -0.0939680029
 -0.601372173 -0.0767792262
 -0.581372039 -0.060592626
 -0.56137213 -0.0454898361
 -0.541372209 -0.0310927073
 -0.521372109 -0.0167410908
 -0.501372194 -0.00233463467
 -0.481372273  0.0118551078
 -0.461372146  0.0248380427
 -0.441372227  0.0365240597
 -0.421372329  0.0498642754
 -0.401372212  0.0622719945
 -0.381372303  0.0755281637
 -0.361372386  0.0878276952
 -0.341372247  0.0993128563
 -0.321372335  0.110751909
 -0.301372427  0.122462199
 -0.281372103  0.133624444
 -0.261372183  0.14417396
