 -1.59331446 -0.600541251
 -1.57331442 -0.548988412
 -1.55331453 -0.537316146
 -1.53331449 -0.526071356
 -1.51331449 -0.513948617
 -1.49331436 -0.505595058
 -1.47331446 -0.498629625
 -1.45331442 -0.493714736
 -1.43331442 -0.48640323
 -1.4133145 -0.47951411
 -1.39331438 -0.47139832
 -1.37331437 -0.464097642
 -1.35331444 -0.455799628
 -1.33331443 -0.447242577
 -1.31331444 -0.43957041
 -1.29331452 -0.430687588
 -1.27331447 -0.422460433
 -1.25331445 -0.413726292
 -1.23331456 -0.405005345
 -1.21331444 -0.395979103
 -1.1933144 -0.386491023
 -1.17331451 -0.376887927
 -1.15331437 -0.36702001
 -1.13331437 -0.35716221
 -1.11331435 -0.347397088
 -1.09331434 -0.337195698
 -1.07331442 -0.326715169
 -1.05331451 -0.317041457
 -1.03331438 -0.30640949
 -1.01331446 -0.296245015
 -0.993314544 -0.285081325
 -0.973314454 -0.273916745
 -0.95331454 -0.262593714
 -0.933314413 -0.251319245
 -0.913314497 -0.239490328
 -0.893314375 -0.227043894
 -0.87331447 -0.215195383
 -0.853314343 -0.203297522
 -0.83331442 -0.191365221
 -0.813314526 -0.178980531
 -0.793314393 -0.166469721
 -0.773314486 -0.153772069
 -0.753314574 -0.141181554
 -0.733314457 -0.128125455
 -0.713314521 -0.115162607
 -0.693314612 -0.102412169
 -0.673314502 -0.0893857602
 -0.653314584 -0.0763470431
 -0.633314663 -0.0633608246
 -0.613314363 -0.0501538324
 -0.593314434 -0.0368383978
 -0.573314509 -0.0234362143
 -0.553314396 -0.00937028516
 -0.53331449  0.00462059216
 -0.513314584  0.0179813475
 -0.49331444  0.0311312977
 -0.473314315  0.0451186773
 -0.453314216  0.0594616027
 -0.433314292  0.073577337
 -0.41331436  0.087763529
 -0.393314242  0.101722596
 -0.373314335  0.115952465
 -0.353314444  0.130777355
 -0.333314303  0.144783334
 -0.313314396  0.159606117
 -0.293314495  0.173829743
 -0.273314588  0.188868133
 -0.253314458  0.20477291
 -0.233314545  0.219947172
 -0.213314642  0.233628735
 -0.193314507  0.249129198
