 -1.63048147 -0.923091576
 -1.61048145 -0.885307447
 -1.59048145 -0.853678558
 -1.57048154 -0.825488746
 -1.55048141 -0.800657317
 -1.53048139 -0.778264274
 -1.51048147 -0.759098504
 -1.49048146 -0.741203173
 -1.47048142 -0.724372342
 -1.45048153 -0.70818486
 -1.43048142 -0.693019348
 -1.41048137 -0.676963492
 -1.39048137 -0.661149183
 -1.37048146 -0.645154623
 -1.35048145 -0.62706988
 -1.33048152 -0.609107098
 -1.3104815 -0.58899057
 -1.29048137 -0.566516034
 -1.27048138 -0.541684986
 -1.25048145 -0.513256263
 -1.23048143 -0.482034916
 -1.21048144 -0.448589889
 -1.19048139 -0.414250404
 -1.17048138 -0.378919701
 -1.15048136 -0.343229666
 -1.13048147 -0.309232703
 -1.11048145 -0.27373436
 -1.09048144 -0.23402601
 -1.07048153 -0.19137354
 -1.05048148 -0.147483021
 -1.03048146 -0.0997220416
 -1.01048148 -0.0458944309
 -0.99048145  0.00715062368
 -0.97048144  0.0491810872
 -0.950481298  0.0619140661
 -0.930481387  0.0719077018
 -0.910481385  0.0820983934
 -0.89048145  0.0910588778
 -0.870481356  0.100181471
 -0.850481437  0.109044463
 -0.830481494  0.118781819
 -0.810481377  0.127348311
 -0.790481483  0.135422356
 -0.770481553  0.144127324
 -0.750481446  0.152973934
 -0.730481524  0.161110342
 -0.710481417  0.170189586
 -0.690481299  0.178706021
 -0.670481393  0.188224902
 -0.650481461  0.197627604
 -0.630481337  0.207357282
 -0.610481432  0.216492847
 -0.590481534  0.226495648
 -0.570481415  0.235834897
 -0.550481486  0.24476646
 -0.530481348  0.253884311
 -0.510481248  0.263102178
 -0.490481346  0.272066338
 -0.470481425  0.281729912
 -0.450481291  0.292010883
 -0.430481382  0.301985714
 -0.41048146  0.311856634
 -0.39048136  0.321833194
 -0.370481446  0.330401785
 -0.350481524  0.340759211
 -0.330481398  0.349497606
 -0.310481479  0.357824304
 -0.290481581  0.365458607
 -0.270481464  0.373145827
 -0.250481554  0.379751708
 -0.230481638  0.384864933
 -0.210481498  0.390107686
 -0.190481587  0.393774215
 -0.170481679  0.394354259
 -0.150481354  0.39663634
 -0.130481435  0.396613237
 -0.110481527  0.392805075
 -0.0904814048  0.391004295
 -0.0704814865  0.388089419
 -0.0504815838  0.382733567
 -0.0304814677  0.3811254
 -0.0104813336  0.375360648
  0.00951877228  0.370474591
  0.0295187016  0.363048123
  0.0495186076  0.353117373
  0.0695187225  0.343580942
