 -1.82884912 -1.05200854
 -1.8088491 -1.018576
 -1.7888491 -0.984418581
 -1.76884919 -0.950749671
 -1.74884906 -0.921115157
 -1.72884905 -0.892829648
 -1.70884912 -0.867513963
 -1.68884911 -0.83440918
 -1.66884908 -0.805726396
 -1.64884918 -0.783111892
 -1.62884908 -0.756576558
 -1.60884903 -0.734263591
 -1.58884902 -0.708636881
 -1.56884911 -0.686025557
 -1.5488491 -0.670132878
 -1.52884917 -0.660779694
 -1.50884916 -0.651964804
 -1.48884903 -0.644075368
 -1.46884903 -0.636137271
 -1.4488491 -0.627600142
 -1.42884908 -0.619724607
 -1.40884909 -0.611343592
 -1.38884905 -0.60228762
 -1.36884903 -0.592431304
 -1.34884901 -0.582196474
 -1.32884912 -0.572351293
 -1.3088491 -0.56148325
 -1.2888491 -0.55038375
 -1.26884918 -0.538887713
 -1.24884914 -0.527428002
 -1.22884911 -0.515568512
 -1.20884913 -0.50285
 -1.1888491 -0.490592673
 -1.16884909 -0.477859239
 -1.14884895 -0.465199117
 -1.12884904 -0.451725184
 -1.10884904 -0.438315224
 -1.0888491 -0.424817366
 -1.06884901 -0.411529635
 -1.04884909 -0.398049416
 -1.02884915 -0.384375039
 -1.00884903 -0.370218316
 -0.988849137 -0.355926427
 -0.968849207 -0.341633363
 -0.9488491 -0.327302098
 -0.928849178 -0.313049686
 -0.908849071 -0.298791423
 -0.888848953 -0.28456731
 -0.868849047 -0.270597585
 -0.848849115 -0.2563383
 -0.828848991 -0.2422163
 -0.808849086 -0.227792397
 -0.788849188 -0.213491845
 -0.768849069 -0.199421757
 -0.74884914 -0.185385233
 -0.728849001 -0.171340603
 -0.708848901 -0.157509758
 -0.688848999 -0.143814694
 -0.668849079 -0.130219133
 -0.648848945 -0.116697304
 -0.628849036 -0.102961802
 -0.608849114 -0.0894632123
 -0.588849014 -0.0766518195
 -0.5688491 -0.0635257008
 -0.548849178 -0.0502966564
 -0.528849052 -0.0364965251
 -0.508849133 -0.0224262181
 -0.488849234 -0.00695732007
 -0.468849118  0.00877041924
 -0.448849208  0.0254355601
 -0.428849292  0.0433744852
 -0.408849152  0.0612228876
 -0.388849241  0.0802311669
 -0.368849333  0.0994876994
 -0.348849008  0.118882762
 -0.328849089  0.138458344
 -0.308849181  0.157108172
 -0.288849059  0.17688273
 -0.26884914  0.196029051
 -0.248849238  0.21472029
 -0.228849121  0.234111763
 -0.208848987  0.253733796
 -0.188848881  0.273065621
 -0.168848952  0.290862235
 -0.148849046  0.309269564
