 -1.77705835 -0.714710698
 -1.75705834 -0.700525755
 -1.7370584 -0.687063972
 -1.7170584 -0.673280926
 -1.69705826 -0.660162154
 -1.67705834 -0.647277945
 -1.65705835 -0.634078172
 -1.63705833 -0.621525941
 -1.61705843 -0.608925145
 -1.59705841 -0.596294576
 -1.57705827 -0.584000325
 -1.55705825 -0.571888314
 -1.53705836 -0.560018781
 -1.51705832 -0.547850686
 -1.49705843 -0.535531405
 -1.47705839 -0.523144937
 -1.45705839 -0.51089061
 -1.43705826 -0.498809809
 -1.41705836 -0.486912254
 -1.39705832 -0.474566079
 -1.37705832 -0.462631019
 -1.3570584 -0.450618999
 -1.33705828 -0.438753597
 -1.31705827 -0.426849312
 -1.29705834 -0.415052544
 -1.27705833 -0.403095606
 -1.25705834 -0.390818221
 -1.23705842 -0.378672801
 -1.21705837 -0.366710657
 -1.19705835 -0.354463256
 -1.17705846 -0.342347553
 -1.15705834 -0.330381562
 -1.1370583 -0.318212353
 -1.11705841 -0.30604656
 -1.09705827 -0.293787524
 -1.07705827 -0.2812871
 -1.05705825 -0.268774872
 -1.03705824 -0.256474443
 -1.01705832 -0.244582327
 -0.997058408 -0.23224557
 -0.97705828 -0.219756913
 -0.957058361 -0.207262121
 -0.937058444 -0.194472966
 -0.917058354 -0.181973861
 -0.89705844 -0.169778081
 -0.877058313 -0.15718712
 -0.857058397 -0.144819015
 -0.837058275 -0.13226032
 -0.81705837 -0.119718083
 -0.797058243 -0.106676065
 -0.77705832 -0.0943943815
 -0.757058426 -0.0814132662
 -0.737058293 -0.0685848965
 -0.717058386 -0.0558228745
 -0.697058474 -0.0433016774
 -0.677058357 -0.0299807284
 -0.657058421 -0.0168710643
 -0.637058512 -0.00320455624
 -0.617058402  0.00998360073
 -0.597058484  0.0236669657
 -0.577058563  0.0368859778
 -0.557058263  0.0509275669
 -0.537058334  0.0653576902
 -0.517058409  0.080063901
 -0.497058296  0.0957998973
 -0.47705839  0.112054091
 -0.457058484  0.128905462
 -0.43705834  0.146835793
 -0.417058215  0.165047092
 -0.397058116  0.183681786
 -0.377058192  0.201668083
 -0.35705826  0.220075099
 -0.337058142  0.237739484
 -0.317058235  0.252929691
 -0.297058344  0.268667456
 -0.277058203  0.283857092
 -0.257058296  0.299480999
 -0.237058395  0.31270724
 -0.217058488  0.325411129
 -0.197058358  0.336460152
