 -1.65848762 -0.521002772
 -1.63848761 -0.508860674
 -1.61848767 -0.496991666
 -1.59848767 -0.485604243
 -1.57848753 -0.473599635
 -1.55848762 -0.46194008
 -1.53848762 -0.450525402
 -1.5184876 -0.438864733
 -1.4984877 -0.427388982
 -1.47848768 -0.415695355
 -1.45848754 -0.404163117
 -1.43848753 -0.393041409
 -1.41848763 -0.381855837
 -1.39848759 -0.370593227
 -1.37848771 -0.35927534
 -1.35848766 -0.348046136
 -1.33848766 -0.337077861
 -1.31848754 -0.326029214
 -1.29848763 -0.314607533
 -1.27848759 -0.303701475
 -1.2584876 -0.292595843
 -1.23848767 -0.281461493
 -1.21848755 -0.270447482
 -1.19848754 -0.259669163
 -1.17848761 -0.249070159
 -1.15848761 -0.238272056
 -1.13848761 -0.227291637
 -1.1184877 -0.216657852
 -1.09848764 -0.205883814
 -1.07848762 -0.195202319
 -1.05848773 -0.184368636
 -1.03848762 -0.173461267
 -1.01848757 -0.162919321
 -0.998487684 -0.152441609
 -0.978487545 -0.142169253
 -0.958487546 -0.131411945
 -0.93848752 -0.120993749
 -0.918487513 -0.110606404
 -0.898487587 -0.100307119
 -0.87848768 -0.0901841587
 -0.858487552 -0.0800265956
 -0.838487633 -0.0700937161
 -0.818487716 -0.0599736175
 -0.798487626 -0.0503357665
 -0.778487712 -0.0407886518
 -0.758487585 -0.031206884
 -0.738487669 -0.0213155506
 -0.718487547 -0.0113162665
 -0.698487642 -0.00146520901
 -0.678487515  0.00848100511
 -0.658487592  0.0185900214
 -0.638487698  0.0287107803
 -0.618487565  0.0381334546
 -0.598487658  0.0482189758
 -0.578487746  0.0582047128
 -0.558487629  0.0683009405
 -0.538487693  0.0791634981
 -0.518487784  0.0900782754
 -0.498487674  0.101004604
 -0.478487756  0.113071979
 -0.458487835  0.125522594
 -0.438487535  0.139456938
 -0.418487606  0.153926032
 -0.398487681  0.169084446
 -0.378487568  0.186156831
 -0.358487662  0.203935947
 -0.338487756  0.221792608
 -0.318487612  0.238879839
 -0.298487487  0.257727124
 -0.278487388  0.275611862
 -0.258487464  0.292441046
 -0.238487532  0.307838904
 -0.218487414  0.324111529
 -0.198487507  0.338844633
 -0.178487616  0.352089127
 -0.158487475  0.364088433
 -0.138487568  0.37792995
