 -1.77643794 -1.68479086
 -1.75643792 -1.62093039
 -1.73643798 -1.54597149
 -1.71643799 -1.47745561
 -1.69643785 -1.41435704
 -1.67643793 -1.35402421
 -1.65643793 -1.29769891
 -1.63643791 -1.2444646
 -1.61643801 -1.19497196
 -1.59643799 -1.14537774
 -1.57643785 -1.10244914
 -1.55643784 -1.0613937
 -1.53643795 -1.02380039
 -1.5164379 -0.98733123
 -1.49643802 -0.953454894
 -1.47643797 -0.921932435
 -1.45643797 -0.893700095
 -1.43643785 -0.868116189
 -1.41643795 -0.844431418
 -1.39643791 -0.822439178
 -1.37643791 -0.801163747
 -1.35643798 -0.781144892
 -1.33643787 -0.760879435
 -1.31643785 -0.74198064
 -1.29643792 -0.723450529
 -1.27643792 -0.705733573
 -1.25643792 -0.688718993
 -1.23643801 -0.671479286
 -1.21643795 -0.65442271
 -1.19643793 -0.637369219
 -1.17643805 -0.620026489
 -1.15643793 -0.602865003
 -1.13643789 -0.585880112
 -1.116438 -0.568900422
 -1.09643786 -0.551660665
 -1.07643786 -0.534288918
 -1.05643783 -0.516323384
 -1.03643783 -0.498072491
 -1.0164379 -0.479553516
 -0.996437993 -0.460368584
 -0.976437865 -0.440617021
 -0.956437946 -0.420394011
 -0.936438029 -0.399677275
 -0.916437939 -0.378466984
 -0.896438025 -0.356691479
 -0.876437898 -0.334767194
 -0.856437982 -0.312664632
 -0.836437861 -0.290448524
 -0.816437955 -0.268327267
 -0.796437828 -0.246585654
 -0.776437905 -0.225525403
 -0.756438011 -0.205435345
 -0.736437878 -0.186774864
 -0.716437971 -0.16969045
 -0.696438059 -0.154243764
 -0.676437942 -0.140399437
 -0.656438006 -0.127916773
 -0.636438097 -0.116610054
 -0.616437988 -0.10591429
 -0.596438069 -0.095857954
 -0.576438148 -0.0856823894
 -0.556437848 -0.0754909424
 -0.536437919 -0.0653177285
 -0.516437994 -0.0544109247
 -0.496437881 -0.042400888
 -0.476437975 -0.0270001975
 -0.456438069 -0.00648803399
 -0.436437925  0.0194767752
 -0.416437801  0.0469425207
 -0.396437701  0.0735291323
 -0.376437777  0.0988898645
 -0.356437845  0.121536895
 -0.336437727  0.142196923
 -0.31643782  0.161677475
 -0.296437929  0.181220232
 -0.276437789  0.20119585
 -0.256437881  0.219877719
 -0.236437981  0.237650256
 -0.216438073  0.254309924
 -0.196437943  0.269254485
