 -1.73093563 -0.808675277
 -1.71093561 -0.78682164
 -1.69093567 -0.766785922
 -1.67093567 -0.747074341
 -1.65093553 -0.727663011
 -1.63093562 -0.709517208
 -1.61093562 -0.691122748
 -1.5909356 -0.673047827
 -1.5709357 -0.655083152
 -1.55093568 -0.63758122
 -1.53093554 -0.620558647
 -1.51093553 -0.603934628
 -1.49093564 -0.587203719
 -1.47093559 -0.570506188
 -1.45093571 -0.554129055
 -1.43093566 -0.537501696
 -1.41093566 -0.521115523
 -1.39093554 -0.505255594
 -1.37093563 -0.489068024
 -1.3509356 -0.473178773
 -1.3309356 -0.456973466
 -1.31093567 -0.440878038
 -1.29093555 -0.424814063
 -1.27093554 -0.408787091
 -1.25093561 -0.392551762
 -1.23093561 -0.376350831
 -1.21093561 -0.360356608
 -1.1909357 -0.343820409
 -1.17093564 -0.327654698
 -1.15093562 -0.312057787
 -1.13093573 -0.296321305
 -1.11093562 -0.280379359
 -1.09093557 -0.265039351
 -1.07093569 -0.249797887
 -1.05093555 -0.23456401
 -1.03093555 -0.220060334
 -1.01093552 -0.205524002
 -0.990935514 -0.191645251
 -0.970935588 -0.178224268
 -0.950935681 -0.165120963
 -0.930935553 -0.152535175
 -0.910935634 -0.140316609
 -0.890935717 -0.128231852
 -0.870935627 -0.116665921
 -0.850935713 -0.105320361
 -0.830935586 -0.0945426073
 -0.81093567 -0.0840994155
 -0.790935549 -0.0737891298
 -0.770935643 -0.0636575123
 -0.750935516 -0.0534336972
 -0.730935593 -0.0434101275
 -0.710935699 -0.0321472487
 -0.690935566 -0.0201857402
 -0.670935659 -0.00829800701
 -0.650935747  0.00354319566
 -0.63093563  0.0165935121
 -0.610935694  0.0301731729
 -0.590935785  0.043696777
 -0.570935676  0.0575194641
 -0.550935757  0.0713695948
 -0.530935836  0.0848934961
 -0.510935536  0.098419714
 -0.490935607  0.111774204
 -0.470935682  0.124841797
 -0.450935569  0.13864463
 -0.430935663  0.152467886
 -0.410935757  0.165654289
 -0.390935613  0.179007745
 -0.370935489  0.192365181
 -0.350935389  0.20582777
 -0.330935465  0.218890338
 -0.310935533  0.232169446
 -0.290935415  0.245926793
 -0.270935508  0.259444972
 -0.250935617  0.273109067
 -0.230935477  0.286195654
 -0.210935569  0.299691059
 -0.190935669  0.313305137
 -0.170935761  0.326746249
 -0.150935631  0.341045656
 -0.130935718  0.354482227
 -0.110935815  0.367346689
 -0.0909356803  0.380146421
 -0.070935765  0.393792002
 -0.0509358437  0.407514231
 -0.0309357389  0.420930756
