 -1.64347882 -0.534187418
 -1.62347881 -0.520840391
 -1.60347887 -0.508375932
 -1.58347887 -0.495822855
 -1.56347873 -0.483459361
 -1.54347881 -0.472216496
 -1.52347881 -0.461138615
 -1.50347879 -0.450364041
 -1.48347889 -0.440383775
 -1.46347888 -0.429737503
 -1.44347873 -0.41994814
 -1.42347872 -0.41010994
 -1.40347883 -0.401113481
 -1.38347879 -0.39271795
 -1.3634789 -0.384332429
 -1.34347886 -0.37509837
 -1.32347886 -0.367390826
 -1.30347873 -0.358371638
 -1.28347883 -0.349753911
 -1.26347879 -0.341474269
 -1.24347879 -0.333098641
 -1.22347887 -0.323498175
 -1.20347875 -0.31468807
 -1.18347874 -0.305179953
 -1.16347881 -0.296711764
 -1.1434788 -0.287661979
 -1.12347881 -0.27910327
 -1.10347889 -0.270898686
 -1.08347884 -0.262032079
 -1.06347882 -0.253379164
 -1.04347893 -0.244783593
 -1.02347881 -0.235462587
 -1.00347877 -0.226835581
 -0.983478881 -0.218376169
 -0.963478742 -0.209298917
 -0.943478743 -0.200089892
 -0.923478717 -0.190974627
 -0.903478709 -0.181558582
 -0.883478784 -0.172633751
 -0.863478877 -0.163215298
 -0.843478748 -0.153461907
 -0.82347883 -0.143395091
 -0.803478913 -0.133266527
 -0.783478822 -0.123239037
 -0.763478908 -0.113002266
 -0.743478781 -0.101931055
 -0.723478865 -0.0908638932
 -0.703478744 -0.0795082698
 -0.683478839 -0.0685603402
 -0.663478711 -0.057387301
 -0.643478788 -0.045405122
 -0.623478894 -0.0327402711
 -0.603478761 -0.02021635
 -0.583478855 -0.00710176604
 -0.563478943  0.00696185291
 -0.543478826  0.0213716818
 -0.52347889  0.0368685428
 -0.503478981  0.0528324043
 -0.483478871  0.0695302001
 -0.463478953  0.086665874
 -0.443479032  0.105200361
 -0.423478732  0.124711946
 -0.403478803  0.145978513
 -0.383478878  0.166717554
 -0.363478764  0.188880655
 -0.343478858  0.211277463
 -0.323478952  0.234393539
 -0.303478809  0.257028301
 -0.283478684  0.280307885
 -0.263478584  0.30341943
 -0.243478661  0.32606669
 -0.223478729  0.350001615
 -0.20347861  0.373924393
 -0.183478703  0.39667625
