 -1.66745295 -0.88116053
 -1.64745294 -0.86265664
 -1.627453 -0.843760459
 -1.607453 -0.824510445
 -1.58745286 -0.804864029
 -1.56745294 -0.785185084
 -1.54745295 -0.765139274
 -1.52745293 -0.745329193
 -1.50745303 -0.725508548
 -1.48745301 -0.70601659
 -1.46745287 -0.687258241
 -1.44745285 -0.669530426
 -1.42745296 -0.652634345
 -1.40745292 -0.636356383
 -1.38745304 -0.620647201
 -1.36745299 -0.60566815
 -1.34745299 -0.591460663
 -1.32745286 -0.57784006
 -1.30745296 -0.56462687
 -1.28745292 -0.551734602
 -1.26745292 -0.539054884
 -1.247453 -0.526533576
 -1.22745288 -0.514376691
 -1.20745287 -0.502432011
 -1.18745294 -0.49054143
 -1.16745293 -0.478219589
 -1.14745294 -0.464400069
 -1.12745302 -0.448913989
 -1.10745297 -0.432436427
 -1.08745295 -0.415776709
 -1.06745306 -0.399190314
 -1.04745294 -0.382834671
 -1.0274529 -0.366705989
 -1.00745301 -0.350568471
 -0.987452873 -0.334672794
 -0.967452874 -0.318973721
 -0.947452848 -0.303437322
 -0.927452841 -0.287908758
 -0.907452915 -0.272565419
 -0.887453008 -0.257418758
 -0.86745288 -0.242293675
 -0.847452961 -0.227346438
 -0.827453044 -0.212500783
 -0.807452954 -0.1977493
 -0.78745304 -0.183161694
 -0.767452913 -0.168667935
 -0.747452997 -0.154434906
 -0.727452876 -0.140351857
 -0.70745297 -0.126466315
 -0.687452843 -0.112639994
 -0.66745292 -0.0990044104
 -0.647453026 -0.0856667311
 -0.627452893 -0.0723823708
 -0.607452986 -0.0592661144
 -0.587453074 -0.0465010008
 -0.567452957 -0.0335634681
 -0.547453021 -0.0208612396
 -0.527453112 -0.00832454357
 -0.507453002  0.00397276024
 -0.487453084  0.0162041434
 -0.467453163  0.0283851765
 -0.447452863  0.0405790154
 -0.427452934  0.0524567347
 -0.407453009  0.0643468561
 -0.387452896  0.0761338875
 -0.36745299  0.0880205627
 -0.347453084  0.099431464
 -0.32745294  0.11064813
 -0.307452815  0.121920627
 -0.287452716  0.133460361
 -0.267452792  0.144782766
 -0.24745286  0.156287556
 -0.227452742  0.16741781
 -0.207452835  0.178283328
 -0.187452944  0.189191901
 -0.167452804  0.200393004
 -0.147452896  0.211107235
 -0.127452996  0.22156081
 -0.107453088  0.232443678
