 -1.57403982 -0.851207457
 -1.55403981 -0.83538661
 -1.53403987 -0.819042889
 -1.51403987 -0.802871438
 -1.49403973 -0.785976869
 -1.47403981 -0.76954162
 -1.45403981 -0.752830171
 -1.43403979 -0.736370664
 -1.41403989 -0.720047641
 -1.39403988 -0.703220421
 -1.37403973 -0.686946772
 -1.35403972 -0.67055092
 -1.33403983 -0.653848281
 -1.31403979 -0.637685515
 -1.2940399 -0.621773388
 -1.27403986 -0.605713383
 -1.25403986 -0.589674497
 -1.23403973 -0.573751061
 -1.21403983 -0.557410059
 -1.19403979 -0.541527597
 -1.17403979 -0.525597318
 -1.15403987 -0.509153172
 -1.13403975 -0.491666662
 -1.11403974 -0.473152448
 -1.09403981 -0.45390623
 -1.0740398 -0.433138079
 -1.0540398 -0.411263503
 -1.03403989 -0.388237515
 -1.01403984 -0.364343992
 -0.994039817 -0.339903232
 -0.974039929 -0.315040765
 -0.954039811 -0.291866077
 -0.934039769 -0.270337295
 -0.91403988 -0.250709384
 -0.894039741 -0.232673508
 -0.874039742 -0.215788727
 -0.854039716 -0.19927478
 -0.834039709 -0.183499596
 -0.814039783 -0.168170711
 -0.794039876 -0.152968501
 -0.774039747 -0.137420731
 -0.754039829 -0.121019721
 -0.734039912 -0.10425045
 -0.714039821 -0.0875522801
 -0.694039908 -0.070567575
 -0.674039781 -0.0538076105
 -0.654039864 -0.0361550088
 -0.634039743 -0.0180010378
 -0.614039838  0.000642170131
 -0.59403971  0.0197283216
 -0.574039788  0.0394456797
 -0.554039894  0.0590819672
 -0.534039761  0.0789919188
 -0.514039854  0.100013416
 -0.494039942  0.121398153
 -0.474039825  0.142009717
 -0.454039889  0.161501977
 -0.43403998  0.181998327
 -0.41403987  0.201054667
 -0.394039952  0.222141597
 -0.374040031  0.24377766
 -0.354039731  0.264407418
 -0.334039802  0.283303711
 -0.314039877  0.30554953
 -0.294039764  0.325503894
 -0.274039857  0.345984719
 -0.254039951  0.364234267
 -0.234039808  0.383199344
 -0.214039683  0.401443357
 -0.194039584  0.419853537
