 -1.72835378 -0.503383204
 -1.70835377 -0.477288458
 -1.68835383 -0.453301951
 -1.66835383 -0.430666788
 -1.64835369 -0.406137335
 -1.62835377 -0.383667059
 -1.60835378 -0.360277599
 -1.58835376 -0.33776182
 -1.56835385 -0.317263525
 -1.54835384 -0.298801133
 -1.52835369 -0.28223926
 -1.50835368 -0.267826367
 -1.48835379 -0.255049757
 -1.46835375 -0.243890357
 -1.44835386 -0.232785443
 -1.42835382 -0.221890853
 -1.40835382 -0.210954053
 -1.38835369 -0.201185988
 -1.36835379 -0.190144873
 -1.34835375 -0.179481431
 -1.32835375 -0.16973981
 -1.30835383 -0.159786957
 -1.28835371 -0.149833272
 -1.2683537 -0.14110625
 -1.24835377 -0.130738549
 -1.22835376 -0.121080387
 -1.20835377 -0.111077535
 -1.18835385 -0.102151762
 -1.1683538 -0.0921905655
 -1.14835378 -0.0830292479
 -1.12835389 -0.0736899381
 -1.10835377 -0.0650791109
 -1.08835373 -0.0567890421
 -1.06835384 -0.0483861884
 -1.0483537 -0.0400261697
 -1.0283537 -0.0317455996
 -1.00835368 -0.0241312007
 -0.98835367 -0.0159958048
 -0.968353744 -0.0081719472
 -0.948353837 -0.000224141743
 -0.928353709  0.00741981239
 -0.90835379  0.0146129177
 -0.888353873  0.0216737482
 -0.868353783  0.0285004126
 -0.848353869  0.0351722498
 -0.828353742  0.0414770165
 -0.808353826  0.0470865504
 -0.788353705  0.0531613131
 -0.768353799  0.0584564679
 -0.748353672  0.063974451
 -0.728353749  0.0688006404
 -0.708353855  0.0739966343
 -0.688353722  0.0787723977
 -0.668353815  0.0839266029
 -0.648353903  0.0890144487
 -0.628353786  0.0935903322
 -0.60835385  0.0985444771
 -0.588353941  0.103298376
 -0.568353832  0.10783706
 -0.548353913  0.112573169
 -0.528353992  0.117909817
 -0.508353692  0.124248618
 -0.488353763  0.131566594
 -0.468353838  0.139522175
 -0.448353725  0.148658098
 -0.428353819  0.159665406
 -0.408353913  0.171583251
 -0.388353769  0.184684516
 -0.368353645  0.198977598
 -0.348353545  0.212950482
 -0.328353622  0.226924639
 -0.308353689  0.241447815
 -0.288353571  0.256303569
 -0.268353664  0.270090728
 -0.248353773  0.284587194
 -0.228353633  0.298979408
 -0.208353726  0.313068214
 -0.188353825  0.327772182
 -0.168353917  0.34197622
 -0.148353787  0.35576932
 -0.128353874  0.369069514
 -0.108353971  0.382286555
