 -1.60670671 -1.03853347
 -1.58670669 -1.02023401
 -1.56670669 -1.0015086
 -1.54670678 -0.981837366
 -1.52670665 -0.960934336
 -1.50670663 -0.941255291
 -1.48670671 -0.919786835
 -1.4667067 -0.898123007
 -1.44670667 -0.87467703
 -1.42670677 -0.851751523
 -1.40670666 -0.827320106
 -1.38670661 -0.802779054
 -1.36670661 -0.77755183
 -1.3467067 -0.752710235
 -1.32670669 -0.727289328
 -1.30670676 -0.701835352
 -1.28670674 -0.675555204
 -1.26670661 -0.64927858
 -1.24670662 -0.622592854
 -1.22670669 -0.596400658
 -1.20670667 -0.570841349
 -1.18670668 -0.545919563
 -1.16670663 -0.521066653
 -1.14670662 -0.497076351
 -1.1267066 -0.473504386
 -1.10670671 -0.450082826
 -1.08670669 -0.427498526
 -1.06670668 -0.405169973
 -1.04670677 -0.383015244
 -1.02670672 -0.361651549
 -1.0067067 -0.3406097
 -0.986706722 -0.319580583
 -0.966706691 -0.298962713
 -0.946706681 -0.278619289
 -0.926706538 -0.258574638
 -0.906706628 -0.238811008
 -0.886706626 -0.219423836
 -0.86670669 -0.200407531
 -0.846706596 -0.181718914
 -0.826706678 -0.163548645
 -0.806706734 -0.145849106
 -0.786706617 -0.128354542
 -0.766706724 -0.11159142
 -0.746706793 -0.0949277596
 -0.726706686 -0.0789601478
 -0.706706765 -0.0636298542
 -0.686706658 -0.0486601194
 -0.66670654 -0.0341407737
 -0.646706634 -0.0205648111
 -0.626706701 -0.00743558643
 -0.606706577  0.00500666826
 -0.586706672  0.017242313
 -0.566706774  0.0287627546
 -0.546706656  0.0392778594
 -0.526706727  0.0494054626
 -0.506706588  0.059616091
 -0.486706488  0.0695799519
 -0.466706586  0.080507014
 -0.446706665  0.0909875564
 -0.426706532  0.103133381
 -0.406706622  0.114168464
 -0.386706701  0.126841947
 -0.366706601  0.138325255
 -0.346706687  0.149615928
 -0.326706765  0.161771114
 -0.306706638  0.172671528
 -0.286706719  0.188263779
 -0.266706821  0.200093921
 -0.246706705  0.208281865
