 -1.5898831 -0.934741934
 -1.56988308 -0.915284223
 -1.54988308 -0.896276018
 -1.52988317 -0.877161358
 -1.50988304 -0.857478867
 -1.48988303 -0.838136645
 -1.4698831 -0.819251414
 -1.44988309 -0.800185957
 -1.42988306 -0.781127715
 -1.40988316 -0.762142715
 -1.38988306 -0.742675384
 -1.36988301 -0.723638497
 -1.349883 -0.704651968
 -1.32988309 -0.685267028
 -1.30988308 -0.665035591
 -1.28988315 -0.644359802
 -1.26988314 -0.622750102
 -1.24988301 -0.599609335
 -1.22988301 -0.575653888
 -1.20988308 -0.548813548
 -1.18988306 -0.518930515
 -1.16988307 -0.482935554
 -1.14988303 -0.444102997
 -1.12988301 -0.407073206
 -1.10988299 -0.378457306
 -1.0898831 -0.355597087
 -1.06988308 -0.334309127
 -1.04988308 -0.313541268
 -1.02988317 -0.294351014
 -1.00988312 -0.275626442
 -0.989883095 -0.256778677
 -0.969883116 -0.237893261
 -0.949883085 -0.219564566
 -0.929883075 -0.201420418
 -0.909882933 -0.183447516
 -0.889883022 -0.165612658
 -0.86988302 -0.148140511
 -0.849883085 -0.130697341
 -0.829882991 -0.113044916
 -0.809883073 -0.0963801843
 -0.789883129 -0.0795855966
 -0.769883012 -0.0627626352
 -0.749883118 -0.0464515923
 -0.729883188 -0.0301867187
 -0.709883081 -0.0135335585
 -0.689883159  0.00334184716
 -0.669883052  0.0199579341
 -0.649882934  0.0366034921
 -0.629883028  0.0527569126
 -0.609883096  0.0694192295
 -0.589882972  0.0854029016
 -0.569883067  0.100844904
 -0.549883169  0.115955459
 -0.52988305  0.130624951
 -0.509883121  0.144929863
 -0.489882983  0.158082297
 -0.469882883  0.170598693
 -0.449882981  0.182211209
 -0.42988306  0.193250029
 -0.409882926  0.203273583
 -0.389883017  0.212292404
 -0.369883096  0.220633738
 -0.349882995  0.228911872
 -0.329883081  0.236131516
 -0.309883159  0.242880832
 -0.289883033  0.247787004
 -0.269883114  0.253142021
 -0.249883216  0.256856617
 -0.229883099  0.260944157
 -0.20988319  0.264315237
 -0.189883273  0.267734442
 -0.169883133  0.270769411
 -0.149883222  0.273231955
 -0.129883314  0.275582784
 -0.109882989  0.27804057
 -0.08988307  0.27950633
 -0.0698831624  0.281153913
 -0.0498830399  0.283826055
 -0.0298831216  0.288008287
 -0.00988321894  0.290608727
  0.0101168972  0.293403615
  0.0301170313  0.296008625
