 -1.5840699 -0.512879514
 -1.56406989 -0.492072754
 -1.54406995 -0.472026649
 -1.52406995 -0.452145863
 -1.50406981 -0.433414501
 -1.4840699 -0.415219307
 -1.4640699 -0.397126111
 -1.44406988 -0.379507807
 -1.42406998 -0.362398253
 -1.40406996 -0.345416167
 -1.38406982 -0.328994991
 -1.36406981 -0.312650124
 -1.34406991 -0.296921695
 -1.32406987 -0.281212211
 -1.30406999 -0.265995304
 -1.28406994 -0.251553655
 -1.26406994 -0.237721197
 -1.24406982 -0.223800035
 -1.22406991 -0.210724289
 -1.20406987 -0.19790726
 -1.18406988 -0.185392179
 -1.16406995 -0.173371287
 -1.14406983 -0.161722549
 -1.12406982 -0.150030941
 -1.10406989 -0.138868595
 -1.08406989 -0.127822364
 -1.06406989 -0.116999981
 -1.04406998 -0.106299808
 -1.02406992 -0.0966264903
 -1.0040699 -0.0869471544
 -0.984070013 -0.0779879352
 -0.964069895 -0.0685783811
 -0.944069853 -0.0594659015
 -0.924069964 -0.0509018076
 -0.904069825 -0.0421933286
 -0.884069826 -0.0344373327
 -0.8640698 -0.0264872002
 -0.844069793 -0.0189781809
 -0.824069867 -0.0113228715
 -0.80406996 -0.0045643702
 -0.784069831  0.0023801944
 -0.764069913  0.00967695259
 -0.744069996  0.0165022841
 -0.724069905  0.0239468509
 -0.704069992  0.0319094134
 -0.684069864  0.0408491212
 -0.664069948  0.0509383452
 -0.644069827  0.060336372
 -0.624069922  0.0715234636
 -0.604069794  0.0835060214
 -0.584069871  0.0955313808
 -0.564069978  0.108827824
 -0.544069845  0.123393094
 -0.524069938  0.137646537
 -0.504070026  0.152103892
 -0.484069909  0.166942159
 -0.464069973  0.181679962
 -0.444070064  0.196616998
 -0.424069954  0.21150687
 -0.404070036  0.226931399
 -0.384070115  0.242022808
 -0.364069815  0.256969645
 -0.344069886  0.27158245
 -0.324069961  0.286106552
 -0.304069848  0.301205966
 -0.284069941  0.31618954
 -0.264070035  0.33171756
 -0.244069892  0.346715919
