 -1.6634904 -0.752165928
 -1.64349038 -0.723294189
 -1.62349044 -0.695015095
 -1.60349045 -0.665816915
 -1.58349031 -0.636837992
 -1.56349039 -0.608174646
 -1.54349039 -0.579510973
 -1.52349037 -0.551004103
 -1.50349047 -0.521830428
 -1.48349045 -0.49328352
 -1.46349031 -0.464852715
 -1.4434903 -0.43845996
 -1.42349041 -0.412983727
 -1.40349036 -0.387959493
 -1.38349048 -0.364107422
 -1.36349043 -0.340895276
 -1.34349043 -0.31778934
 -1.32349031 -0.296272905
 -1.3034904 -0.275102805
 -1.28349037 -0.254681963
 -1.26349037 -0.234636486
 -1.24349044 -0.215152711
 -1.22349033 -0.196218894
 -1.20349031 -0.178310201
 -1.18349038 -0.160761957
 -1.16349038 -0.143753429
 -1.14349038 -0.126987307
 -1.12349047 -0.110972882
 -1.10349041 -0.0957150207
 -1.08349039 -0.0808237548
 -1.06349051 -0.0665003436
 -1.04349039 -0.0528906904
 -1.02349035 -0.0396361239
 -1.00349046 -0.0267128428
 -0.983490318 -0.0149945529
 -0.963490319 -0.00394374892
 -0.943490293  0.00698751877
 -0.923490286  0.0171872827
 -0.90349036  0.026791543
 -0.883490453  0.035508245
 -0.863490325  0.0443227337
 -0.843490406  0.0517803877
 -0.823490489  0.0592184965
 -0.803490398  0.0658685599
 -0.783490485  0.0714215219
 -0.763490358  0.07736718
 -0.743490442  0.0838461795
 -0.72349032  0.0896186606
 -0.703490415  0.0964273426
 -0.683490288  0.103164367
 -0.663490365  0.113102185
 -0.643490471  0.123236532
 -0.623490338  0.134047737
 -0.603490431  0.145965542
 -0.583490519  0.15942297
 -0.563490402  0.173394535
 -0.543490466  0.186139957
 -0.523490557  0.198874807
 -0.503490447  0.21165537
 -0.483490529  0.223958403
 -0.463490608  0.236609679
 -0.443490308  0.248529283
 -0.423490379  0.259916593
 -0.403490454  0.270640284
 -0.383490341  0.281023733
 -0.363490435  0.291690173
 -0.343490529  0.301724054
 -0.323490385  0.311295615
 -0.30349026  0.32069607
 -0.283490161  0.32876977
