 -1.79955974 -0.668417207
 -1.77955973 -0.645297043
 -1.75955972 -0.626163315
 -1.73955981 -0.608785496
 -1.71955968 -0.591670256
 -1.69955967 -0.576869185
 -1.67955975 -0.562480864
 -1.65955973 -0.548463831
 -1.6395597 -0.53560182
 -1.6195598 -0.523261137
 -1.5995597 -0.511552501
 -1.57955965 -0.500011958
 -1.55955965 -0.48835589
 -1.53955973 -0.477356149
 -1.51955973 -0.466344185
 -1.4995598 -0.455413662
 -1.47955978 -0.444947771
 -1.45955965 -0.434073435
 -1.43955966 -0.42359792
 -1.41955972 -0.412076279
 -1.3995597 -0.400820092
 -1.37955971 -0.389382771
 -1.35955967 -0.37830975
 -1.33955965 -0.366796594
 -1.31955964 -0.35588219
 -1.29955974 -0.3441226
 -1.27955973 -0.33218826
 -1.25955972 -0.319623623
 -1.23955981 -0.307667637
 -1.21955976 -0.295164673
 -1.19955974 -0.2823803
 -1.17955976 -0.26924292
 -1.15955973 -0.256099236
 -1.13955972 -0.242974074
 -1.11955958 -0.229617914
 -1.09955967 -0.216092514
 -1.07955966 -0.202966713
 -1.05955973 -0.189355274
 -1.03955963 -0.175678966
 -1.01955972 -0.162080243
 -0.999559772 -0.148440652
 -0.979559655 -0.134676583
 -0.959559761 -0.120799869
 -0.939559831 -0.107627725
 -0.919559723 -0.0940508628
 -0.899559802 -0.0802748537
 -0.879559695 -0.0669213922
 -0.859559577 -0.0541028769
 -0.839559671 -0.0412028898
 -0.819559738 -0.028562337
 -0.799559615 -0.0159030821
 -0.77955971 -0.00381795932
 -0.759559812  0.00800420091
 -0.739559693  0.019403439
 -0.719559764  0.0303313377
 -0.699559625  0.0411748693
 -0.679559525  0.0510764384
 -0.659559623  0.061827075
 -0.639559703  0.0712289578
 -0.619559569  0.0808430368
 -0.59955966  0.0891991613
 -0.579559738  0.0973430167
 -0.559559638  0.105761377
 -0.539559724  0.114042969
 -0.519559802  0.121155378
 -0.499559675  0.128660478
 -0.479559756  0.134664706
 -0.459559858  0.141403764
 -0.439559742  0.147061372
 -0.419559832  0.152389892
 -0.399559916  0.15758763
 -0.379559776  0.161988366
 -0.359559865  0.165531574
 -0.339559957  0.16849129
 -0.319559632  0.170692547
 -0.299559713  0.172406801
 -0.279559805  0.175173537
 -0.259559682  0.177240105
 -0.239559764  0.178869256
 -0.219559862  0.181817257
 -0.199559745  0.182682816
 -0.179559611  0.181598896
 -0.159559505  0.181687185
