 -1.79338508 -1.12593366
 -1.77338506 -1.10017671
 -1.75338506 -1.07426703
 -1.73338515 -1.048095
 -1.71338502 -1.02157375
 -1.693385 -0.99522106
 -1.67338508 -0.968369591
 -1.65338507 -0.940538307
 -1.63338504 -0.912617731
 -1.61338514 -0.884026237
 -1.59338503 -0.8549065
 -1.57338498 -0.825600767
 -1.55338498 -0.795329006
 -1.53338507 -0.76509566
 -1.51338506 -0.733326693
 -1.49338513 -0.700138503
 -1.47338511 -0.66696553
 -1.45338498 -0.632607979
 -1.43338499 -0.596802182
 -1.41338506 -0.559667077
 -1.39338504 -0.522325998
 -1.37338505 -0.486318679
 -1.353385 -0.454059031
 -1.33338499 -0.427619396
 -1.31338497 -0.405096235
 -1.29338508 -0.385758066
 -1.27338506 -0.367060001
 -1.25338505 -0.349967695
 -1.23338514 -0.33336404
 -1.21338509 -0.317592323
 -1.19338507 -0.301540134
 -1.17338509 -0.286107173
 -1.15338506 -0.270955881
 -1.13338505 -0.255800286
 -1.11338491 -0.241090811
 -1.093385 -0.226654217
 -1.073385 -0.212744921
 -1.05338506 -0.198977852
 -1.03338497 -0.185783926
 -1.01338505 -0.173115123
 -0.993385105 -0.16057034
 -0.973384988 -0.147749424
 -0.953385094 -0.135618118
 -0.933385164 -0.123615124
 -0.913385057 -0.113118931
 -0.893385136 -0.102795175
 -0.873385029 -0.0930453753
 -0.853384911 -0.0844106809
 -0.833385005 -0.0775540674
 -0.813385072 -0.0719800034
 -0.793384948 -0.0670945639
 -0.773385043 -0.0630029523
 -0.753385145 -0.0598021114
 -0.733385027 -0.057306976
 -0.713385098 -0.0557611179
 -0.693384959 -0.0548631779
 -0.673384859 -0.0541773556
 -0.653384957 -0.0536029943
 -0.633385036 -0.0517843752
 -0.613384903 -0.0482302076
 -0.593384993 -0.0432910745
 -0.573385072 -0.0373135729
 -0.553384972 -0.0295448344
 -0.533385058 -0.0212627036
 -0.513385136 -0.0119142894
 -0.493385009 -0.00236988108
 -0.47338509  0.00720658399
 -0.453385192  0.0169163868
 -0.433385076  0.0263690247
 -0.413385166  0.0361848115
 -0.393385249  0.0456322147
 -0.37338511  0.0554339721
 -0.353385198  0.0651164736
 -0.333385291  0.0746050053
 -0.313384966  0.0841270802
 -0.293385046  0.0938408418
 -0.273385139  0.104813891
 -0.253385016  0.114824905
