 -1.7043499 -0.686271645
 -1.68434989 -0.666440703
 -1.66434995 -0.645539775
 -1.64434995 -0.624713334
 -1.62434981 -0.602254216
 -1.60434989 -0.579881864
 -1.5843499 -0.557550622
 -1.56434988 -0.533505836
 -1.54434998 -0.508171697
 -1.52434996 -0.483732703
 -1.50434982 -0.458389452
 -1.4843498 -0.43259266
 -1.46434991 -0.406774543
 -1.44434987 -0.38030435
 -1.42434999 -0.353610492
 -1.40434994 -0.326640691
 -1.38434994 -0.29930839
 -1.36434982 -0.272550063
 -1.34434991 -0.245027981
 -1.32434987 -0.217765437
 -1.30434988 -0.18921585
 -1.28434995 -0.162101497
 -1.26434983 -0.135715303
 -1.24434982 -0.109144522
 -1.22434989 -0.0815542485
 -1.20434989 -0.0558071374
 -1.18434989 -0.0318464287
 -1.16434998 -0.0099138782
 -1.14434992  0.00931424126
 -1.1243499  0.0269254789
 -1.10435001  0.0434482863
 -1.08434989  0.0569729274
 -1.06434985  0.0688558896
 -1.04434996  0.077274578
 -1.02434982  0.0839984969
 -1.00434983  0.0901434948
 -0.984349799  0.0951442441
 -0.964349792  0.0989218452
 -0.944349866  0.102442243
 -0.924349959  0.105288186
 -0.904349831  0.110483037
 -0.884349912  0.114717761
 -0.864349995  0.12231632
 -0.844349905  0.127687895
 -0.824349991  0.136142479
 -0.804349864  0.142215767
 -0.784349948  0.150422361
 -0.764349827  0.158149871
 -0.744349921  0.168712318
 -0.724349794  0.178404506
 -0.704349871  0.187404253
 -0.684349977  0.197267485
 -0.664349844  0.205682414
 -0.644349937  0.21426884
 -0.624350025  0.223482712
 -0.604349908  0.233106671
 -0.584349972  0.242857944
 -0.564350063  0.251794774
 -0.544349954  0.261226569
 -0.524350035  0.271498779
 -0.504350114  0.280704592
 -0.484349814  0.289915147
 -0.464349885  0.298842356
 -0.44434996  0.308333758
 -0.424349847  0.316794552
 -0.404349941  0.325349117
 -0.384350035  0.333857442
 -0.364349891  0.342271214
 -0.344349767  0.35059389
 -0.324349667  0.35949452
 -0.304349743  0.369014213
 -0.284349811  0.37710346
 -0.264349693  0.385515887
