 -1.80353617 -0.598921738
 -1.78353616 -0.596297003
 -1.76353622 -0.59320901
 -1.74353622 -0.590374572
 -1.72353608 -0.587828025
 -1.70353616 -0.584111286
 -1.68353616 -0.581078117
 -1.66353614 -0.577996684
 -1.64353624 -0.574037724
 -1.62353623 -0.570014456
 -1.60353608 -0.566084298
 -1.58353607 -0.561550062
 -1.56353618 -0.55741364
 -1.54353614 -0.552656924
 -1.52353625 -0.547632039
 -1.50353621 -0.542683992
 -1.48353621 -0.537808622
 -1.46353608 -0.53258107
 -1.44353618 -0.527017406
 -1.42353614 -0.521036787
 -1.40353614 -0.514490881
 -1.38353622 -0.507972349
 -1.3635361 -0.50061368
 -1.34353609 -0.493189581
 -1.32353616 -0.485349787
 -1.30353615 -0.477366372
 -1.28353616 -0.469052953
 -1.26353624 -0.460106905
 -1.24353619 -0.451176506
 -1.22353617 -0.442109985
 -1.20353628 -0.432498368
 -1.18353616 -0.422629523
 -1.16353612 -0.412630779
 -1.14353623 -0.402092987
 -1.12353609 -0.391811185
 -1.10353609 -0.381024519
 -1.08353607 -0.369179186
 -1.06353606 -0.35806021
 -1.04353613 -0.346166089
 -1.02353623 -0.334282048
 -1.0035361 -0.322061877
 -0.98353618 -0.310184352
 -0.963536263 -0.298101246
 -0.943536172 -0.28699839
 -0.923536259 -0.276027318
 -0.903536132 -0.265428173
 -0.883536216 -0.256527195
 -0.863536094 -0.2486409
 -0.843536189 -0.241403326
 -0.823536061 -0.234334879
 -0.803536139 -0.226518607
 -0.783536245 -0.220353813
 -0.763536112 -0.213931217
 -0.743536205 -0.206051503
 -0.723536293 -0.197724203
 -0.703536176 -0.187228204
 -0.68353624 -0.175206161
 -0.663536331 -0.162064345
 -0.643536221 -0.14851026
 -0.623536303 -0.134769266
 -0.603536382 -0.120456665
 -0.583536082 -0.106098385
 -0.563536153 -0.0913841801
 -0.543536228 -0.077277023
 -0.523536115 -0.0630118224
 -0.503536208 -0.0481009844
 -0.483536302 -0.0328174248
 -0.463536159 -0.0181521426
 -0.443536034 -0.0027985716
 -0.423535935  0.0130808131
 -0.403536011  0.0299530505
 -0.383536079  0.047312662
 -0.363535961  0.0646554644
 -0.343536054  0.0827250933
 -0.323536163  0.100428963
 -0.303536022  0.117352328
 -0.283536115  0.133374404
 -0.263536214  0.14820372
 -0.243536307  0.163597557
