 -1.79002939 -0.761469702
 -1.77002937 -0.755025716
 -1.75002937 -0.748464491
 -1.73002946 -0.741212152
 -1.71002933 -0.735612997
 -1.69002931 -0.728983092
 -1.67002939 -0.722409791
 -1.65002938 -0.715412708
 -1.63002935 -0.708932935
 -1.61002945 -0.702409656
 -1.59002935 -0.693755607
 -1.57002929 -0.684800763
 -1.55002929 -0.675456765
 -1.53002938 -0.666035083
 -1.51002937 -0.657310753
 -1.49002944 -0.648310801
 -1.47002942 -0.639370486
 -1.4500293 -0.62982566
 -1.4300293 -0.620538299
 -1.41002937 -0.609611797
 -1.39002935 -0.59988106
 -1.37002936 -0.589448929
 -1.35002932 -0.578264459
 -1.3300293 -0.566526652
 -1.31002928 -0.555695125
 -1.29002939 -0.544426307
 -1.27002937 -0.532572831
 -1.25002936 -0.520557158
 -1.23002945 -0.508230956
 -1.2100294 -0.495566421
 -1.19002938 -0.483278594
 -1.1700294 -0.470319149
 -1.15002937 -0.457192634
 -1.13002936 -0.443817387
 -1.11002922 -0.429269196
 -1.09002931 -0.414672702
 -1.07002931 -0.399067641
 -1.05002937 -0.382811499
 -1.03002928 -0.363812846
 -1.01002936 -0.343797151
 -0.990029416 -0.321790576
 -0.970029299 -0.299057749
 -0.950029405 -0.273018478
 -0.930029475 -0.245514246
 -0.910029368 -0.215980234
 -0.890029447 -0.184666212
 -0.87002934 -0.15653367
 -0.850029222 -0.128379462
 -0.830029316 -0.100012955
 -0.810029383 -0.0733106988
 -0.790029259 -0.0507667418
 -0.770029354 -0.0277688027
 -0.750029456 -0.00700980899
 -0.730029338  0.0116346304
 -0.710029409  0.0292414503
 -0.69002927  0.0467606495
 -0.67002917  0.0618305914
 -0.650029268  0.0760208157
 -0.630029347  0.0890883364
 -0.610029214  0.101440617
 -0.590029304  0.112695353
 -0.570029383  0.125200231
 -0.550029283  0.137103584
 -0.530029368  0.148033014
 -0.510029447  0.159214686
 -0.49002932  0.169617533
 -0.470029401  0.179036324
 -0.450029503  0.187801695
 -0.430029386  0.198138827
 -0.410029477  0.206174632
 -0.39002956  0.214729742
 -0.370029421  0.223060091
 -0.350029509  0.232047407
 -0.330029601  0.239655184
 -0.310029277  0.246879293
 -0.290029357  0.253779553
 -0.27002945  0.260633364
 -0.250029327  0.268725169
 -0.230029409  0.27726724
 -0.210029506  0.285349861
 -0.19002939  0.293976986
 -0.170029256  0.301687373
 -0.15002915  0.309219149
 -0.130029221  0.318346401
 -0.110029315  0.326393315
 -0.0900291998  0.334502951
 -0.0700293075  0.343137572
 -0.0500293721  0.350143634
