 -1.78934058 -1.14973518
 -1.76934056 -1.12672307
 -1.74934056 -1.10246514
 -1.72934065 -1.07657168
 -1.70934052 -1.04979662
 -1.68934051 -1.02175508
 -1.66934058 -0.993143635
 -1.64934057 -0.964420034
 -1.62934054 -0.935671821
 -1.60934064 -0.905831201
 -1.58934054 -0.876191207
 -1.56934049 -0.846643649
 -1.54934048 -0.816835309
 -1.52934057 -0.78726129
 -1.50934056 -0.757263652
 -1.48934063 -0.727638816
 -1.46934061 -0.69836498
 -1.44934049 -0.669177235
 -1.42934049 -0.641290738
 -1.40934056 -0.612808417
 -1.38934054 -0.584989505
 -1.36934055 -0.557915659
 -1.34934051 -0.531463531
 -1.32934049 -0.505749082
 -1.30934047 -0.481085713
 -1.28934058 -0.456776245
 -1.26934056 -0.432850516
 -1.24934055 -0.410872906
 -1.22934064 -0.389516902
 -1.20934059 -0.370055487
 -1.18934057 -0.351752891
 -1.16934059 -0.334627051
 -1.14934056 -0.318175875
 -1.12934055 -0.302685067
 -1.10934041 -0.287832491
 -1.0893405 -0.273247717
 -1.0693405 -0.25935864
 -1.04934056 -0.245294642
 -1.02934047 -0.231870004
 -1.00934055 -0.218087023
 -0.989340606 -0.204530406
 -0.969340489 -0.191504407
 -0.949340596 -0.178473662
 -0.929340665 -0.165746704
 -0.909340558 -0.153381353
 -0.889340637 -0.141268225
 -0.86934053 -0.129127315
 -0.849340412 -0.116937241
 -0.829340506 -0.104424614
 -0.809340573 -0.0922911402
 -0.789340449 -0.0803485029
 -0.769340544 -0.0685599132
 -0.749340646 -0.0571246643
 -0.729340528 -0.0461550043
 -0.709340599 -0.034977561
 -0.68934046 -0.0231163074
 -0.66934036 -0.0117080005
 -0.649340458 -0.00039700866
 -0.629340537  0.010797018
 -0.609340404  0.0210359413
 -0.589340494  0.0321679959
 -0.569340573  0.0431149719
 -0.549340473  0.0540494275
 -0.529340559  0.0657595079
 -0.509340637  0.0769298226
 -0.48934051  0.0877306943
 -0.469340591  0.0988265087
 -0.449340693  0.10988811
 -0.429340577  0.121067421
 -0.409340667  0.13234704
 -0.389340751  0.144298708
 -0.369340611  0.15640329
 -0.349340699  0.168549139
 -0.329340792  0.180726559
 -0.309340467  0.193846949
 -0.289340547  0.206789026
 -0.26934064  0.220671053
 -0.249340517  0.233977325
 -0.229340599  0.247889826
 -0.209340696  0.262586811
 -0.18934058  0.277378815
 -0.169340446  0.292898829
 -0.14934034  0.309224361
 -0.129340411  0.326573575
 -0.109340505  0.343949032
 -0.08934039  0.362434018
 -0.0693404977  0.381578905
