 -1.55110141 -0.677616915
 -1.53110139 -0.657458757
 -1.51110139 -0.637900604
 -1.49110148 -0.618132177
 -1.47110135 -0.598264541
 -1.45110134 -0.578189182
 -1.43110142 -0.557622523
 -1.4111014 -0.537382188
 -1.39110137 -0.5163292
 -1.37110147 -0.496343981
 -1.35110137 -0.476242249
 -1.33110132 -0.45865554
 -1.31110132 -0.440889261
 -1.2911014 -0.424202768
 -1.27110139 -0.408295142
 -1.25110147 -0.392473704
 -1.23110145 -0.376960554
 -1.21110132 -0.36093555
 -1.19110133 -0.345245829
 -1.17110139 -0.3293042
 -1.15110137 -0.313335705
 -1.13110138 -0.29777055
 -1.11110134 -0.281507759
 -1.09110132 -0.265670494
 -1.07110131 -0.249055291
 -1.05110141 -0.232025189
 -1.0311014 -0.214900237
 -1.01110139 -0.197525471
 -0.991101478 -0.18035421
 -0.971101428 -0.163358529
 -0.951101406 -0.14560081
 -0.931101428 -0.127744652
 -0.911101397 -0.109907439
 -0.891101387 -0.0919423606
 -0.871101244 -0.0739233322
 -0.851101334 -0.056228017
 -0.831101332 -0.0384006522
 -0.811101396 -0.0197984367
 -0.791101303 -0.00176402087
 -0.771101384  0.0163965218
 -0.751101441  0.0346080945
 -0.731101324  0.052835744
 -0.71110143  0.0711003408
 -0.6911015  0.0892823011
 -0.671101392  0.108229057
 -0.651101471  0.126665749
 -0.631101364  0.145027935
 -0.611101246  0.163456793
 -0.59110134  0.18190952
 -0.571101407  0.200445938
 -0.551101284  0.21920689
 -0.531101379  0.237933763
 -0.511101481  0.256219877
 -0.491101362  0.274333587
 -0.471101433  0.292466599
 -0.451101294  0.310468256
 -0.431101194  0.328151576
 -0.411101292  0.345147786
 -0.391101372  0.362462271
 -0.371101238  0.380350883
 -0.351101329  0.39843143
 -0.331101407  0.415282408
 -0.311101307  0.432389187
 -0.291101393  0.448251642
 -0.271101471  0.463902198
 -0.251101345  0.479715698
 -0.231101425  0.494372775
 -0.211101527  0.509580647
 -0.191101411  0.523697015
 -0.171101501  0.536249861
 -0.151101585  0.549345408
 -0.131101445  0.561095365
 -0.111101534  0.574631844
 -0.0911016259  0.590381098
 -0.071101301  0.606182817
 -0.0511013816  0.624211257
