 -1.56857174 -0.375175837
 -1.54857172 -0.355456576
 -1.52857172 -0.333712402
 -1.50857181 -0.303080313
 -1.48857168 -0.277009839
 -1.46857167 -0.237716462
 -1.44857174 -0.199604429
 -1.42857173 -0.165639466
 -1.4085717 -0.143399283
 -1.3885718 -0.12361223
 -1.3685717 -0.10437733
 -1.34857165 -0.0853134641
 -1.32857165 -0.0684075033
 -1.30857173 -0.0515613484
 -1.28857172 -0.0355250632
 -1.2685718 -0.0225697477
 -1.24857178 -0.0099791199
 -1.22857165  0.00456581604
 -1.20857166  0.0152652473
 -1.18857172  0.0269703441
 -1.1685717  0.0368275786
 -1.14857171  0.0447599188
 -1.12857167  0.0523270585
 -1.10857165  0.0596609135
 -1.08857164  0.0672512618
 -1.06857174  0.0729586754
 -1.04857172  0.0781540471
 -1.02857172  0.0822981696
 -1.00857181  0.0867499761
 -0.988571757  0.0901291597
 -0.968571735  0.0916937492
 -0.948571757  0.0918865234
 -0.928571726  0.0904692363
 -0.908571716  0.0906536723
 -0.888571573  0.0883873407
 -0.868571663  0.0847114927
 -0.848571661  0.0809266402
 -0.828571726  0.0777420049
 -0.808571632  0.0723767004
 -0.788571713  0.0680120998
 -0.76857177  0.0621232942
 -0.748571653  0.0564007061
 -0.728571759  0.0518978351
 -0.708571829  0.0465387077
 -0.688571722  0.0428908099
 -0.6685718  0.0394080212
 -0.648571693  0.0404310036
 -0.628571575  0.0428684484
 -0.608571669  0.0518398538
 -0.588571737  0.0645947631
 -0.568571613  0.0774322078
 -0.548571708  0.0916845952
 -0.52857181  0.106931703
 -0.508571691  0.124142629
 -0.488571762  0.141630695
 -0.468571623  0.15927538
 -0.448571523  0.17657825
 -0.428571621  0.195662055
 -0.408571701  0.21502449
 -0.388571567  0.234967844
 -0.368571658  0.253333301
 -0.348571736  0.275554664
 -0.328571636  0.294611287
 -0.308571722  0.314489621
 -0.2885718  0.333041164
