 -1.75587486 -0.60514602
 -1.73587484 -0.589291019
 -1.7158749 -0.57359065
 -1.6958749 -0.558301593
 -1.67587476 -0.542148655
 -1.65587485 -0.526084291
 -1.63587485 -0.509773144
 -1.61587483 -0.493465178
 -1.59587493 -0.478317592
 -1.57587491 -0.463263343
 -1.55587477 -0.447482348
 -1.53587476 -0.43139574
 -1.51587487 -0.417262218
 -1.49587482 -0.402670924
 -1.47587494 -0.387862109
 -1.45587489 -0.373790561
 -1.43587489 -0.359562407
 -1.41587477 -0.345978845
 -1.39587486 -0.331963567
 -1.37587483 -0.317801414
 -1.35587483 -0.302778378
 -1.3358749 -0.289315057
 -1.31587478 -0.275966447
 -1.29587477 -0.262011862
 -1.27587484 -0.247803416
 -1.25587484 -0.234267474
 -1.23587484 -0.220300821
 -1.21587493 -0.206844668
 -1.19587487 -0.193748599
 -1.17587485 -0.179829925
 -1.15587496 -0.166422329
 -1.13587485 -0.152788015
 -1.1158748 -0.139701112
 -1.09587492 -0.126730628
 -1.07587478 -0.114549051
 -1.05587478 -0.101290571
 -1.03587475 -0.0885747818
 -1.01587474 -0.0760174325
 -0.995874818 -0.0636741185
 -0.975874911 -0.0520235567
 -0.955874782 -0.0401435157
 -0.935874864 -0.0290863415
 -0.915874947 -0.0174673117
 -0.895874856 -0.00631850582
 -0.875874943  0.00467491124
 -0.855874816  0.0156013458
 -0.8358749  0.0259708684
 -0.815874778  0.0365808061
 -0.795874873  0.0465180259
 -0.775874745  0.0565251533
 -0.755874823  0.0658906611
 -0.735874929  0.0757543079
 -0.715874796  0.0852564238
 -0.695874889  0.0942000122
 -0.675874977  0.103453413
 -0.65587486  0.112577985
 -0.635874924  0.12137175
 -0.615875015  0.129155712
 -0.595874905  0.1378435
 -0.575874987  0.145924846
 -0.555875066  0.152988603
 -0.535874766  0.16103309
 -0.515874837  0.169448569
 -0.495874912  0.178033794
 -0.475874799  0.187469107
 -0.455874892  0.196890474
 -0.435874986  0.206498766
 -0.415874843  0.216100611
 -0.395874718  0.22658275
 -0.375874619  0.237292388
 -0.355874695  0.247393745
 -0.335874763  0.257070528
 -0.315874645  0.267982864
 -0.295874738  0.278788589
 -0.275874847  0.28953227
 -0.255874706  0.300809386
 -0.235874799  0.310897707
 -0.215874898  0.322023988
 -0.195874991  0.333531542
 -0.175874861  0.344868054
 -0.155874948  0.355887524
 -0.135875045  0.369088674
