# z  rho_*  drho_hi  drho_lo,  from Madau Dickinson 2014 Table 2
0.07 0.07  8.59 0.01 0.01
0.005 0.22 8.78 0.07 0.08 
0.0 0.2 8.59 0.05 0.05
0.2 0.3 8.56 0.09 0.09
0.3 0.4 8.59 0.06 0.06
0.4 0.5 8.55 0.08 0.08
0.4 0.6 8.33 0.03 0.03
0.6 0.8 8.45 0.08 0.1
0.8 1.0 8.42 0.05 0.06
1.0 1.2 8.25 0.04 0.04
1.2 1.5 8.14 0.06 0.06
1.5 2.0 8.16 0.32 0.03
0.2 0.4 8.61 0.06 0.06
0.4 0.6 8.57 0.04 0.04
0.6 0.8 8.52 0.05 0.05
0.8 1.0 8.44 0.05 0.05
1.0 1.3 8.35 0.05 0.05
1.3 1.6 8.18 0.07 0.07
1.6 2.0 8.02 0.07 0.07
2.0 2.5 7.87 0.09 0.09
2.5 3.0 7.76 0.18 0.18
3.0 3.5 7.63 0.14 0.14
3.5 4.0 7.49 0.13 0.13
0.5 0.8 8.47 0.07 0.08
0.8 1.1 8.50 0.08 0.08
1.1 1.5 8.34 0.10 0.07
1.5 2.0 8.11 0.05 0.06
2.0 2.5 7.87 0.08 0.08
2.5 3.0 7.64 0.15 0.14
3.0 4.0 7.24 0.18 0.20
0.5 1.0 8.46 0.03 0.03
1.0 1.5 8.22 0.03 0.03
1.5 2.0 7.99 0.05 0.03
2.0 2.5 7.63 0.11 0.04
2.5 3.0 7.52 0.13 0.09
3.0 4.0 6.84 0.43 0.20
0.5 0.5 8.64 0.09 0.11
0.7 0.7 8.62 0.08 0.10
0.9 0.9 8.70 0.11 0.15
1.1 1.1 8.51 0.08 0.11
1.35 1.35 8.39 0.10 0.13
1.75 1.75 8.13 0.10 0.13

