skip single
 r x 0.002 1.5
 vp 0.09 0.10 0.95 0.95
! la x r/r\d500\u
! la y Fe abundance (proto-solar)
 cs 1.7
 la f
 time off
 vp 0.09 0.09 0.92 0.92
 la 1 vpos 0.7 0.8 col 1 cs 3 j c "NGC 5846"
 lw 3
 ma size 2 on 1,2,3,4,5
 la t 
 r y 0 1.5
 log x
 color 4 on 1
 mark 16 on 1
 color 2 on 2
 mark 17 on 2
 color 1 on 3
 mark 13 on 3
 color 0 on 1,2
 READ Serr 1
 READ Terr 2
  ! Local: MOS
   5.30208321E-03   5.30208321E-03  0.186470002       2.77900004      -2.77900004    
   1.59062501E-02   5.30208321E-03  -4.34240007       9.42389965      -9.42389965    
   3.18125002E-02   1.06041664E-02  -1.40370011       4.06470013      -4.06470013    
   5.30208312E-02   1.06041664E-02   52.5160027       338.049988      -338.049988    
   7.42291659E-02   1.06041664E-02 -0.545830011      0.690649986     -0.690649986    
  0.106041662       2.12083329E-02  -5.00158976E+09   7.06994381E+09  -7.06994381E+09
  0.159062490       3.18125002E-02 -0.504230022       6.48589993      -6.48589993    
  0.222687498       3.18125002E-02  -1.00000000E+10   7.06881946E+09  -7.06881946E+09
  0.286312491       3.18125002E-02  -1.00000000E+10   7.06881946E+09  -7.06881946E+09
 NO
  ! Local: pn
   5.30208321E-03   5.30208321E-03  -1.75066054       2.99014807      -2.99014807    
   1.59062501E-02   5.30208321E-03   5953550.50       7.07527168E+09  -7.07527168E+09
   3.18125002E-02   1.06041664E-02  -1.30104399      0.455494195     -0.455494195    
   5.30208312E-02   1.06041664E-02  -5.00160000E+09   7.07008512E+09  -7.07008512E+09
   7.42291659E-02   1.06041664E-02 -0.880676448       2.69609952      -2.69609952    
  0.106041662       2.12083329E-02  0.686800003       6.21759987      -6.21759987    
  0.159062490       3.18125002E-02  -4.28692997E-02  0.316269994     -0.316269994    
  0.222687498       3.18125002E-02  0.327880025      0.634220004     -0.634220004    
  0.286312491       3.18125002E-02  -1.74422562      0.670573115     -0.670573115    
 NO
  ! Global: MOS+pn
   5.30208321E-03   5.30208321E-03  0.635865033       4.43859585E-02  -4.43859585E-02
   1.59062501E-02   5.30208321E-03  0.758795083       6.13163784E-02  -6.13163784E-02
   3.18125002E-02   1.06041664E-02  0.729519308       3.82157601E-02  -3.82157601E-02
   5.30208312E-02   1.06041664E-02  0.755373657       5.59722669E-02  -5.59722669E-02
   7.42291659E-02   1.06041664E-02  0.567659020       6.68294728E-02  -6.68294728E-02
  0.106041662       2.12083329E-02  0.547896743       5.64102232E-02  -5.64102232E-02
  0.159062490       3.18125002E-02  0.136088833       3.24739516E-02  -3.24739516E-02
  0.222687498       3.18125002E-02  0.102003805       1.86030529E-02  -1.86030529E-02
  0.286312491       3.18125002E-02   6.50504604E-02   1.23120788E-02  -1.23120788E-02
