   0.478     0.000     0.957  0.107618E-01  0.530924E-03      13.0       13.0
   1.435     0.957     1.913  0.598455E-02  0.238204E-03      36.0       36.0
   2.631     1.913     3.348  0.343145E-02  0.107634E-03     100.0      100.0
   4.065     3.348     4.783  0.231365E-02  0.671961E-04     168.0      168.0
   5.500     4.783     6.218  0.157205E-02  0.490171E-04     212.0      212.0
   6.935     6.218     7.653  0.119975E-02  0.378911E-04     268.0      268.0
   8.370     7.653     9.087  0.907456E-03  0.295971E-04     332.0      332.0
   9.805     9.087    10.522  0.774776E-03  0.253111E-04     388.0      388.0
  11.479    10.522    12.436  0.544186E-03  0.171121E-04     604.0      604.0
  13.392    12.436    14.349  0.455786E-03  0.146321E-04     700.0      700.0
  15.305    14.349    16.262  0.392786E-03  0.126731E-04     804.0      804.0
  17.218    16.262    18.175  0.333856E-03  0.111091E-04     888.0      888.0
  19.132    18.175    20.088  0.297616E-03  0.984766E-05    1012.0     1012.0
  21.045    20.088    22.001  0.268436E-03  0.895136E-05    1100.0     1100.0
  22.958    22.001    23.914  0.245726E-03  0.812536E-05    1220.0     1220.0
  24.871    23.914    25.828  0.220656E-03  0.746696E-05    1300.0     1300.0
  26.784    25.828    27.741  0.201346E-03  0.685156E-05    1412.0     1412.0
  28.697    27.741    29.654  0.200926E-03  0.667776E-05    1483.0     1504.0
  30.610    29.654    31.567  0.180116E-03  0.609576E-05    1604.0     1612.0
  32.524    31.567    33.480  0.170516E-03  0.578096E-05    1700.0     1700.0
  34.437    33.480    35.393  0.146706E-03  0.519576E-05    1820.0     1820.0
  36.350    35.393    37.307  0.132036E-03  0.481786E-05    1916.0     1916.0
  38.263    37.307    39.220  0.118866E-03  0.451546E-05    1976.0     1992.0
  40.176    39.220    41.133  0.118116E-03  0.438226E-05    2095.0     2116.0
  42.089    41.133    43.046  0.102646E-03  0.397826E-05    2228.0     2228.0
  44.003    43.046    44.959  0.102676E-03  0.395476E-05    2284.0     2284.0
  45.916    44.959    46.872  0.900395E-04  0.366096E-05    2420.0     2420.0
  47.829    46.872    48.785  0.879605E-04  0.371976E-05    2396.0     2532.0
  49.742    48.785    50.699  0.825325E-04  0.375676E-05    2122.0     2584.0
  51.655    50.699    52.612  0.755015E-04  0.360506E-05    2301.0     2716.0
  53.568    52.612    54.525  0.742495E-04  0.337806E-05    2529.0     2812.0
  55.481    54.525    56.438  0.613535E-04  0.296716E-05    2681.0     2916.0
  57.395    56.438    58.351  0.648075E-04  0.306626E-05    2791.0     3004.0
  59.308    58.351    60.264  0.595975E-04  0.286026E-05    2951.0     3148.0
  61.221    60.264    62.178  0.588695E-04  0.283316E-05    3035.0     3216.0
  63.134    62.178    64.091  0.555005E-04  0.271546E-05    3151.0     3324.0
  65.047    64.091    66.004  0.585195E-04  0.274406E-05    3234.0     3404.0
  66.960    66.004    67.917  0.534675E-04  0.260086E-05    3338.0     3500.0
  68.874    67.917    69.830  0.509565E-04  0.248646E-05    3521.0     3652.0
  70.787    69.830    71.743  0.438605E-04  0.234246E-05    3583.0     3724.0
  72.700    71.743    73.656  0.469425E-04  0.242826E-05    3620.0     3776.0
  74.613    73.656    75.570  0.402575E-04  0.231196E-05    3583.0     3956.0
  76.526    75.570    77.483  0.416695E-04  0.240676E-05    3497.0     4020.0
  78.439    77.483    79.396  0.437405E-04  0.258396E-05    3266.0     4092.0
  80.353    79.396    81.309  0.378995E-04  0.245176E-05    3174.0     4260.0
  82.266    81.309    83.222  0.427055E-04  0.262096E-05    3262.0     4308.0
  84.179    83.222    85.135  0.376165E-04  0.252136E-05    3333.0     4384.0
  86.092    85.135    87.049  0.337385E-04  0.229916E-05    3460.0     4540.0
  88.005    87.049    88.962  0.330115E-04  0.229406E-05    3499.0     4620.0
  89.918    88.962    90.875  0.308965E-04  0.217666E-05    3579.0     4732.0
  91.831    90.875    92.788  0.295595E-04  0.215396E-05    3645.0     4844.0
  93.745    92.788    94.701  0.301725E-04  0.219186E-05    3672.0     4908.0
  95.658    94.701    96.614  0.263005E-04  0.204626E-05    3714.0     5032.0
  97.571    96.614    98.527  0.239565E-04  0.198026E-05    3750.0     5148.0
  99.484    98.527   100.441  0.270485E-04  0.212886E-05    3730.0     5204.0
 101.397   100.441   102.354  0.262935E-04  0.205606E-05    3832.0     5332.0
 103.310   102.354   104.267  0.266535E-04  0.206226E-05    3870.0     5436.0
 105.224   104.267   106.180  0.215045E-04  0.184006E-05    3919.0     5520.0
 107.137   106.180   108.093  0.244345E-04  0.198886E-05    3999.0     5628.0
 109.050   108.093   110.006  0.210095E-04  0.186756E-05    4109.0     5788.0
 110.963   110.006   111.920  0.224795E-04  0.197856E-05    4045.0     5764.0
 112.876   111.920   113.833  0.191375E-04  0.175496E-05    4150.0     5956.0
 114.789   113.833   115.746  0.182365E-04  0.174136E-05    4171.0     6012.0
 116.702   115.746   117.659  0.206765E-04  0.184536E-05    4228.0     6112.0
 118.616   117.659   119.572  0.159165E-04  0.163666E-05    4331.0     6268.0
 120.529   119.572   121.485  0.144305E-04  0.157046E-05    4304.0     6300.0
 122.442   121.485   123.398  0.188285E-04  0.177716E-05    4360.0     6428.0
 124.355   123.398   125.312  0.173715E-04  0.164796E-05    4416.0     6556.0
 126.268   125.312   127.225  0.141565E-04  0.149216E-05    4438.0     6644.0
 128.181   127.225   129.138  0.125095E-04  0.142216E-05    4473.0     6728.0
 130.095   129.138   131.051  0.151735E-04  0.153216E-05    4552.0     6852.0
 132.008   131.051   132.964  0.167185E-04  0.160456E-05    4587.0     6932.0
 133.921   132.964   134.877  0.122615E-04  0.142986E-05    4617.0     7012.0
 135.834   134.877   136.791  0.142205E-04  0.149786E-05    4681.0     7172.0
 137.747   136.791   138.704  0.124965E-04  0.139526E-05    4674.0     7244.0
 139.660   138.704   140.617  0.142765E-04  0.154506E-05    4681.0     7320.0
 141.573   140.617   142.530  0.133615E-04  0.147796E-05    4709.0     7476.0
 143.487   142.530   144.443  0.142965E-04  0.147396E-05    4706.0     7468.0
 145.400   144.443   146.356  0.102685E-04  0.127016E-05    4946.0     7684.0
 147.313   146.356   148.270  0.121405E-04  0.136506E-05    5041.0     7756.0
 149.226   148.270   150.183  0.114895E-04  0.132866E-05    5043.0     7788.0
 151.139   150.183   152.096  0.985654E-05  0.123776E-05    5143.0     7968.0
 153.052   152.096   154.009  0.972554E-05  0.121486E-05    5154.0     8004.0
 154.966   154.009   155.922  0.131825E-04  0.137816E-05    5189.0     8156.0
 156.879   155.922   157.835  0.101215E-04  0.125256E-05    5220.0     8268.0
 158.792   157.835   159.748  0.100985E-04  0.123256E-05    5302.0     8356.0
 160.705   159.748   161.662  0.983884E-05  0.124536E-05    5302.0     8372.0
 162.618   161.662   163.575  0.904134E-05  0.117666E-05    5450.0     8608.0
 164.531   163.575   165.488  0.797614E-05  0.109206E-05    5448.0     8668.0
 166.684   165.488   167.879  0.709604E-05  0.994301E-06    6821.0    10900.0
 169.075   167.879   170.271  0.730434E-05  0.998121E-06    6972.0    11144.0
 171.467   170.271   172.662  0.760854E-05  0.103857E-05    6670.0    11252.0
 175.054  172.662  177.445 9.2694e-06 9.1141e-07  11347.00  23004.00
 179.837  177.445  182.228 7.0647e-06 8.6958e-07  10100.00  23548.00
 183.424   182.228   184.619  0.718964E-05  0.113056E-05    4726.0    12096.0
 185.815   184.619   187.011  0.613744E-05  0.109926E-05    4487.0    12204.0
 188.207   187.011   189.402  0.555744E-05  0.110456E-05    4258.0    12356.0
 190.598   189.402   191.794  0.708024E-05  0.122166E-05    4204.0    12528.0
 192.990   191.794   194.185  0.726914E-05  0.123436E-05    4236.0    12660.0
 195.381   194.185   196.577  0.567444E-05  0.112556E-05    4270.0    12832.0
 197.772   196.577   198.968  0.537554E-05  0.109186E-05    4342.0    13052.0
 200.642   198.968   202.316  0.551094E-05  0.966931E-06    6039.0    18424.0
 203.990   202.316   205.664  0.654944E-05  0.111406E-05    5304.0    18752.0
 207.338   205.664   209.012  0.569524E-05  0.106066E-05    4827.0    19024.0
 210.925   209.012   212.838  0.513894E-05  0.104061E-05    5182.0    22236.0
 214.752   212.838   216.665  0.557004E-05  0.104862E-05    4584.0    22536.0
 218.817   216.665   220.969  0.476974E-05  0.103331E-05    4749.0    25860.0
 223.600   220.969   226.231  0.454364E-05  0.983451E-06    5267.0    32300.0
 228.861   226.231   231.492  0.467854E-05  0.101257E-05    4920.0    33116.0
 238.666  231.492  245.840 5.4720e-06 8.5071e-07  11677.00  94044.00
 250.384   245.840   254.928  0.554554E-05  0.112986E-05    5762.0    62472.0
 260.428   254.928   265.929  0.534604E-05  0.111426E-05    6162.0    78728.0
 272.864   265.929   279.799  0.374344E-05  0.922371E-06    7799.0   103956.0
 291.039   279.799   302.278  0.156004E-05  0.693991E-06   13230.0   179648.0
 313.518   302.278   324.758  0.345814E-05  0.807871E-06   12912.0   193620.0
 344.607   324.758   364.456  0.187444E-05  0.688471E-06   18689.0   375724.0
