   0.478     0.000     0.957  0.159311E-01  0.290989E-03      13.0       13.0
   1.435     0.957     1.913  0.835546E-02  0.127669E-03      36.0       36.0
   2.631     1.913     3.348  0.519566E-02  0.615128E-04     100.0      100.0
   4.065     3.348     4.783  0.349876E-02  0.394168E-04     168.0      168.0
   5.500     4.783     6.218  0.237166E-02  0.290598E-04     212.0      212.0
   6.935     6.218     7.653  0.172166E-02  0.219808E-04     268.0      268.0
   8.370     7.653     9.087  0.130106E-02  0.170878E-04     332.0      332.0
   9.805     9.087    10.522  0.104326E-02  0.140738E-04     388.0      388.0
  11.479    10.522    12.436  0.838103E-03  0.101108E-04     603.0      604.0
  13.392    12.436    14.349  0.672803E-03  0.844678E-05     700.0      700.0
  15.305    14.349    16.262  0.562943E-03  0.727418E-05     804.0      804.0
  17.218    16.262    18.175  0.479883E-03  0.651728E-05     888.0      888.0
  19.132    18.175    20.088  0.418593E-03  0.583428E-05    1012.0     1012.0
  21.045    20.088    22.001  0.384853E-03  0.544368E-05    1100.0     1100.0
  22.958    22.001    23.914  0.349533E-03  0.498028E-05    1218.0     1220.0
  24.871    23.914    25.828  0.330543E-03  0.477698E-05    1282.0     1300.0
  26.784    25.828    27.741  0.294213E-03  0.436938E-05    1405.0     1412.0
  28.697    27.741    29.654  0.271833E-03  0.419198E-05    1449.0     1504.0
  30.610    29.654    31.567  0.248873E-03  0.387808E-05    1604.0     1612.0
  32.524    31.567    33.480  0.231503E-03  0.378118E-05    1687.0     1700.0
  34.437    33.480    35.393  0.207493E-03  0.362478E-05    1783.0     1820.0
  36.350    35.393    37.307  0.191823E-03  0.352998E-05    1846.0     1916.0
  38.263    37.307    39.220  0.178013E-03  0.341058E-05    1901.0     1992.0
  40.176    39.220    41.133  0.166163E-03  0.327228E-05    1994.0     2116.0
  42.089    41.133    43.046  0.147393E-03  0.303758E-05    2076.0     2228.0
  44.003    43.046    44.959  0.140603E-03  0.300198E-05    2105.0     2284.0
  45.916    44.959    46.872  0.123533E-03  0.280048E-05    2175.0     2420.0
  47.829    46.872    48.785  0.116823E-03  0.270148E-05    2274.0     2532.0
  49.742    48.785    50.699  0.105683E-03  0.257948E-05    2329.0     2584.0
  51.655    50.699    52.612  0.104723E-03  0.253478E-05    2433.0     2716.0
  53.568    52.612    54.525  0.982224E-04  0.243438E-05    2491.0     2812.0
  55.482    54.525    56.438  0.940894E-04  0.237388E-05    2574.0     2916.0
  57.395    56.438    58.351  0.871764E-04  0.228688E-05    2645.0     3004.0
  59.308    58.351    60.264  0.792494E-04  0.219248E-05    2753.0     3148.0
  61.221    60.264    62.178  0.779044E-04  0.216108E-05    2804.0     3216.0
  63.134    62.178    64.091  0.735124E-04  0.208378E-05    2883.0     3324.0
  65.047    64.091    66.004  0.755014E-04  0.209858E-05    2932.0     3404.0
  66.960    66.004    67.917  0.677414E-04  0.200208E-05    3007.0     3500.0
  68.874    67.917    69.830  0.671144E-04  0.197328E-05    3102.0     3652.0
  70.787    69.830    71.743  0.659634E-04  0.195558E-05    3156.0     3724.0
  72.700    71.743    73.656  0.623334E-04  0.189038E-05    3218.0     3776.0
  74.613    73.656    75.570  0.608374E-04  0.185598E-05    3364.0     3956.0
  76.526    75.570    77.483  0.570384E-04  0.178848E-05    3422.0     4020.0
  78.439    77.483    79.396  0.567954E-04  0.177988E-05    3438.0     4092.0
  80.353    79.396    81.309  0.548954E-04  0.174768E-05    3546.0     4260.0
  82.266    81.309    83.222  0.523594E-04  0.171498E-05    3562.0     4308.0
  84.179    83.222    85.135  0.474864E-04  0.165168E-05    3629.0     4384.0
  86.092    85.135    87.049  0.444334E-04  0.161638E-05    3763.0     4540.0
  88.005    87.049    88.962  0.441264E-04  0.163318E-05    3582.0     4620.0
  89.918    88.962    90.875  0.437204E-04  0.163108E-05    3509.0     4732.0
  91.831    90.875    92.788  0.423134E-04  0.162738E-05    3570.0     4844.0
  93.745    92.788    94.701  0.394394E-04  0.160228E-05    3596.0     4908.0
  95.658    94.701    96.614  0.394134E-04  0.161428E-05    3687.0     5032.0
  97.571    96.614    98.528  0.374834E-04  0.160528E-05    3687.0     5148.0
  99.484    98.528   100.441  0.359654E-04  0.162188E-05    3615.0     5204.0
 101.397   100.441   102.354  0.350114E-04  0.160458E-05    3604.0     5332.0
 103.310   102.354   104.267  0.320934E-04  0.155708E-05    3607.0     5436.0
 105.224   104.267   106.180  0.330464E-04  0.157218E-05    3641.0     5520.0
 107.137   106.180   108.093  0.324294E-04  0.160468E-05    3651.0     5628.0
 109.050   108.093   110.006  0.314394E-04  0.157378E-05    3725.0     5788.0
 110.963   110.006   111.920  0.270754E-04  0.151628E-05    3623.0     5764.0
 112.876   111.920   113.833  0.271504E-04  0.151768E-05    3659.0     5956.0
 114.789   113.833   115.746  0.273894E-04  0.151098E-05    3602.0     6012.0
 116.703   115.746   117.659  0.263924E-04  0.150938E-05    3660.0     6112.0
 118.616   117.659   119.572  0.265924E-04  0.153278E-05    3597.0     6268.0
 120.529   119.572   121.485  0.244374E-04  0.156238E-05    3281.0     6300.0
 122.442   121.485   123.399  0.252904E-04  0.159768E-05    3097.0     6428.0
 124.355   123.399   125.312  0.226394E-04  0.155568E-05    3044.0     6556.0
 126.268   125.312   127.225  0.240514E-04  0.158388E-05    3075.0     6644.0
 128.181   127.225   129.138  0.234244E-04  0.159528E-05    3063.0     6728.0
 130.095   129.138   131.051  0.201974E-04  0.154388E-05    3025.0     6852.0
 132.008   131.051   132.964  0.211334E-04  0.159328E-05    2746.0     6932.0
 133.921   132.964   134.877  0.218884E-04  0.162588E-05    2594.0     7012.0
 135.834   134.877   136.791  0.227144E-04  0.163728E-05    2545.0     7172.0
 137.747   136.791   138.704  0.195694E-04  0.159798E-05    2411.0     7244.0
 139.660   138.704   140.617  0.184954E-04  0.161808E-05    2399.0     7320.0
 141.574   140.617   142.530  0.201594E-04  0.165038E-05    2423.0     7476.0
 143.487   142.530   144.443  0.148994E-04  0.150808E-05    2463.0     7468.0
 145.400   144.443   146.356  0.206534E-04  0.165298E-05    2561.0     7684.0
 147.313   146.356   148.270  0.194514E-04  0.158678E-05    2657.0     7756.0
 149.226   148.270   150.183  0.177514E-04  0.157238E-05    2695.0     7788.0
 151.139   150.183   152.096  0.186574E-04  0.156808E-05    2816.0     7968.0
 153.052   152.096   154.009  0.177124E-04  0.151288E-05    2912.0     8004.0
 154.966   154.009   155.922  0.141904E-04  0.144228E-05    2902.0     8156.0
 156.879   155.922   157.835  0.149044E-04  0.144078E-05    2953.0     8268.0
 158.792   157.835   159.749  0.141424E-04  0.139498E-05    3024.0     8356.0
 160.705   159.749   161.662  0.158444E-04  0.149358E-05    2959.0     8372.0
 162.618   161.662   163.575  0.136944E-04  0.142998E-05    2981.0     8608.0
 164.531   163.575   165.488  0.159844E-04  0.147518E-05    3009.0     8668.0
 166.684   165.488   167.879  0.140264E-04  0.137748E-05    3722.0    10900.0
 169.075   167.879   170.271  0.130864E-04  0.134188E-05    3791.0    11144.0
 171.467   170.271   172.662  0.140654E-04  0.136868E-05    3870.0    11252.0
 175.054  172.662  177.445 1.2456e-05 1.1836e-06   8003.00  23004.00
 179.837  177.445  182.228 1.2084e-05 1.1822e-06   8234.00  23548.00
 183.424   182.228   184.620  0.121064E-04  0.131348E-05    3998.0    12096.0
 185.815   184.620   187.011  0.106024E-04  0.127718E-05    3904.0    12204.0
 188.207   187.011   189.402  0.110834E-04  0.130598E-05    3885.0    12356.0
 190.598   189.402   191.794  0.963352E-05  0.128468E-05    3979.0    12528.0
 192.990   191.794   194.185  0.103644E-04  0.128708E-05    4077.0    12660.0
 195.381   194.185   196.577  0.963652E-05  0.129568E-05    3975.0    12832.0
 197.772   196.577   198.968  0.884592E-05  0.128408E-05    3904.0    13052.0
 200.642   198.968   202.316  0.887712E-05  0.120118E-05    5306.0    18424.0
 203.990   202.316   205.664  0.958982E-05  0.122118E-05    4977.0    18752.0
 207.338   205.664   209.012  0.892022E-05  0.124488E-05    4772.0    19024.0
 210.925   209.012   212.839  0.725772E-05  0.117948E-05    5358.0    22236.0
 214.752   212.839   216.665  0.734612E-05  0.119368E-05    5154.0    22536.0
 218.817   216.665   220.969  0.653732E-05  0.117998E-05    5371.0    25860.0
 223.600   220.969   226.231  0.768222E-05  0.118238E-05    5862.0    32300.0
 228.861   226.231   231.492  0.660762E-05  0.117448E-05    5577.0    33116.0
 238.666  231.492  245.841 6.7161e-06 1.0845e-06  15346.00  94044.00
 250.384   245.841   254.928  0.478422E-05  0.109498E-05    9336.0    62472.0
 260.428   254.928   265.929  0.475612E-05  0.109348E-05    9738.0    78728.0
 272.864   265.929   279.799  0.285062E-05  0.108158E-05    8966.0   103956.0
 291.039   279.799   302.279  0.336582E-05  0.107408E-05   11325.0   179648.0
 313.518   302.279   324.758  0.244642E-05  0.106468E-05   10204.0   193620.0
 344.607   324.758   364.456  0.240112E-05  0.106378E-05   10704.0   375724.0
