   1.069    0.000    2.138 2.9819e-03 8.4938e-05     13.00     13.00
   3.207    2.138    4.276 7.3913e-04 2.5420e-05     36.00     36.00
   5.345    4.276    6.414 2.2005e-04 1.0411e-05     64.00     64.00
   7.483    6.414    8.553 1.0578e-04 6.3201e-06     84.00     84.00
   9.622    8.553   10.691 5.7396e-05 3.9105e-06    120.00    120.00
  11.760   10.691   12.829 4.3452e-05 3.3315e-06    124.00    124.00
  14.432   12.829   16.036 2.9512e-05 1.9152e-06    268.00    268.00
  17.640   16.036   19.243 2.4527e-05 1.6792e-06    299.00    300.00
  20.847   19.243   22.450 1.9380e-05 1.3899e-06    356.00    364.00
  24.054   22.450   25.658 1.9461e-05 1.2740e-06    420.00    420.00
  27.261   25.658   28.865 1.4588e-05 1.0191e-06    496.00    496.00
  30.468   28.865   32.072 1.5428e-05 1.0078e-06    532.00    532.00
  33.675   32.072   35.279 1.4417e-05 9.3492e-07    588.00    588.00
  36.883   35.279   38.486 1.4165e-05 8.8282e-07    644.00    644.00
  40.090   38.486   41.693 1.2484e-05 7.8897e-07    717.00    724.00
  43.297   41.693   44.901 1.1489e-05 7.5219e-07    748.00    748.00
  46.504   44.901   48.108 1.0871e-05 6.9826e-07    836.00    836.00
  49.711   48.108   51.315 9.5896e-06 6.5661e-07    851.00    852.00
  52.919   51.315   54.522 8.7061e-06 5.9716e-07    952.00    960.00
  56.126   54.522   57.729 9.6949e-06 6.1247e-07    972.00    972.00
  59.333   57.729   60.937 8.7251e-06 5.6842e-07   1044.00   1044.00
  62.540   60.937   64.144 8.0584e-06 5.3861e-07   1100.00   1100.00
  65.747   64.144   67.351 7.5239e-06 5.1798e-07   1159.00   1164.00
  68.955   67.351   70.558 7.1932e-06 4.9497e-07   1216.00   1220.00
  72.162   70.558   73.765 6.7990e-06 4.7260e-07   1276.00   1276.00
  75.369   73.765   76.973 6.3767e-06 4.5725e-07   1292.00   1292.00
  78.576   76.973   80.180 4.9349e-06 3.9649e-07   1424.00   1424.00
  82.852   80.180   85.525 5.5622e-06 3.3528e-07   2409.00   2416.00
  88.198   85.525   90.870 5.6637e-06 3.2939e-07   2564.00   2620.00
  93.543   90.870   96.216 5.3248e-06 3.1885e-07   2684.00   2744.00
  98.888   96.216  101.561 4.9171e-06 3.0274e-07   2891.00   2900.00
 104.234  101.561  106.906 4.8064e-06 2.9681e-07   3029.00   3072.00
 109.579  106.906  112.252 4.9667e-06 2.9439e-07   3146.00   3204.00
 114.924  112.252  117.597 4.7718e-06 2.9462e-07   3146.00   3360.00
 120.270  117.597  122.942 4.3140e-06 2.8811e-07   3175.00   3564.00
 125.615  122.942  128.288 4.4399e-06 2.8198e-07   3424.00   3680.00
 130.960  128.288  133.633 3.9671e-06 2.7138e-07   3617.00   3852.00
 136.306  133.633  138.978 3.5645e-06 2.6782e-07   3462.00   4000.00
 141.651  138.978  144.324 3.6822e-06 2.7976e-07   3137.00   4132.00
 146.996  144.324  149.669 3.1444e-06 2.7185e-07   3058.00   4320.00
 152.341  149.669  155.014 3.1506e-06 2.7358e-07   2967.00   4516.00
 157.687  155.014  160.359 2.7571e-06 2.7188e-07   2663.00   4636.00
 163.032  160.359  165.705 2.4164e-06 2.7344e-07   2386.00   4784.00
 168.377  165.705  171.050 2.5135e-06 2.8714e-07   2168.00   4916.00
 173.723  171.050  176.395 2.0754e-06 2.7345e-07   2041.00   5120.00
 179.068  176.395  181.741 2.2297e-06 2.8512e-07   1933.00   5284.00
 184.413  181.741  187.086 2.3660e-06 3.0383e-07   1843.00   5424.00
 189.759  187.086  192.431 2.4581e-06 3.1630e-07   1686.00   5556.00
 195.639  192.431  198.846 2.1861e-06 2.9227e-07   1890.00   6872.00
 204.191  198.846  209.536 1.4085e-06 2.2289e-07   2839.00  12012.00
 214.882  209.536  220.227 1.8520e-06 2.4429e-07   2644.00  12652.00
 226.107  220.227  231.987 1.1297e-06 2.0619e-07   3043.00  14588.00
 237.867  231.987  243.746 1.0124e-06 1.9306e-07   4199.00  15364.00
 249.626  243.746  255.506 7.7729e-07 1.7918e-07   4895.00  16120.00
 261.386  255.506  267.266 8.9758e-07 1.8097e-07   5451.00  16948.00
 273.146  267.266  279.025 1.1216e-06 1.8604e-07   5899.00  17652.00
 284.905  279.025  290.785 6.0699e-07 1.7168e-07   6030.00  18420.00
 296.665  290.785  302.545 9.3960e-07 1.7962e-07   6713.00  19156.00
 308.425  302.545  314.305 7.7914e-07 1.7429e-07   7060.00  19960.00
 320.184  314.305  326.064 4.0161e-07 1.6093e-07   7361.00  20692.00
 331.944  326.064  337.824 5.1307e-07 1.6457e-07   7711.00  21476.00
 344.238  337.824  350.653 3.3520e-07 1.5836e-07   8168.00  24288.00
 357.067  350.653  363.481 4.1121e-07 1.6084e-07   8508.00  25180.00
 369.896  363.481  376.310 3.7790e-07 1.5902e-07   8778.00  26056.00
 382.725  376.310  389.139 2.9811e-07 1.5696e-07   9015.00  26956.00
 397.157  389.139  405.175 2.9584e-07 1.5695e-07   9766.00  35036.00
 413.727  405.175  422.280 1.6193e-07 1.5330e-07  10894.00  38960.00
 430.832  422.280  439.385 3.1247e-07 1.5733e-07  11376.00  40452.00
 447.937  439.385  456.490 2.8571e-07 1.5605e-07  11216.00  42140.00
 466.646  456.490  476.802 9.7126e-08 1.5143e-07  11969.00  52100.00
 486.958  476.802  497.114 8.9119e-08 1.5124e-07  12200.00  54392.00
 518.496  497.114  539.877 8.1427e-08 1.5066e-07  19161.00 121892.00
 561.258  539.877  582.639 9.5127e-08 1.5124e-07  13603.00 131928.00
